12
3
2 9 2
9 9 9
9 9 9
3
4 9 4
9 9 9
2 2 7
1
6
3
9999991 9999991 9999991
9999991 9999991 9999991
9999991 9999991 9999991
3
2 6 4
4 8 9
7 9 4
3
2 3 2
2 5 2
2 7 11
3
0 0 1
9 9 9
4 0 0
2
8 4
15 4
5
1 1 1 1 1
1 1 1 1 1
1 1 1 1 1
1 1 1 1 1
1 1 1 1 1
5
2 6 4 6 6
4 8 9 6 2
7 9 15 6 2
7 9 15 6 2
7 9 15 6 2
5
4 9 4 4 4
4 4 9 4 4
4 4 4 4 4
4 4 4 4 4
4 4 4 4 5
150
4 9 4 4 4 4 9 4 4 4 4 9 4 4 4 4 9 4 4 4 4 9 4 4 4 4 9 4 4 4 4 9 4 4 4 4 9 4 4 4 4 9 4 4 4 4 9 4 4 4 4 9 4 4 4 4 9 4 4 4 4 9 4 4 4 4 9 4 4 4 4 9 4 4 4 4 9 4 4 4 4 9 4 4 4 4 9 4 4 4 4 9 4 4 4 4 9 4 4 4 4 9 4 4 4 4 9 4 4 4 4 9 4 4 4 4 9 4 4 4 4 9 4 4 4 4 9 4 4 4 4 9 4 4 4 4 9 4 4 4 4 9 4 4 4 4 9 4 4 4
4 9 4 4 4 4 9 4 4 4 4 9 4 4 4 4 9 4 4 4 4 9 4 4 4 4 9 4 4 4 4 9 4 4 4 4 9 4 4 4 4 9 4 4 4 4 9 4 4 4 4 9 4 4 4 4 9 4 4 4 4 9 4 4 4 4 9 4 4 4 4 9 4 4 4 4 9 4 4 4 4 9 4 4 4 4 9 4 4 4 4 9 4 4 4 4 9 4 4 4 4 9 4 4 4 4 9 4 4 4 4 9 4 4 4 4 9 4 4 4 4 9 4 4 4 4 9 4 4 4 4 9 4 4 4 4 9 4 4 4 4 9 4 4 4 4 9 4 4 4
4 9 4 4 4 4 9 4 4 4 4 9 4 4 4 4 9 4 4 4 4 9 4 4 4 4 9 4 4 4 4 9 4 4 4 4 9 4 4 4 4 9 4 4 4 4 9 4 4 4 4 9 4 4 4 4 9 4 4 4 4 9 4 4 4 4 9 4 4 4 4 9 4 4 4 4 9 4 4 4 4 9 4 4 4 4 9 4 4 4 4 9 4 4 4 4 9 4 4 4 4 9 4 4 4 4 9 4 4 4 4 9 4 4 4 4 9 4 4 4 4 9 4 4 4 4 9 4 4 4 4 9 4 4 4 4 9 4 4 4 4 9 4 4 4 4 9 4 4 4
4 9 4 4 4 4 9 4 4 4 4 9 4 4 4 4 9 4 4 4 4 9 4 4 4 4 9 4 4 4 4 9 4 4 4 4 9 4 4 4 4 9 4 4 4 4 9 4 4 4 4 9 4 4 4 4 9 4 4 4 4 9 4 4 4 4 9 4 4 4 4 9 4 4 4 4 9 4 4 4 4 9 4 4 4 4 9 4 4 4 4 9 4 4 4 4 9 4 4 4 4 9 4 4 4 4 9 4 4 4 4 9 4 4 4 4 9 4 4 4 4 9 4 4 4 4 9 4 4 4 4 9 4 4 4 4 9 4 4 4 4 9 4 4 4 4 9 4 4 44 9 4 4 4 4 9 4 4 4 4 9 4 4 4 4 9 4 4 4 4 9 4 4 4 4 9 4 4 4 4 9 4 4 4 4 9 4 4 4 4 9 4 4 4 4 9 4 4 4
4 9 4 4 4 4 9 4 4 4 4 9 4 4 4 4 9 4 4 4 4 9 4 4 4 4 9 4 4 4 4 9 4 4 4 4 9 4 4 4 4 9 4 4 4 4 9 4 4 4 4 9 4 4 4 4 9 4 4 4 4 9 4 4 4 4 9 4 4 4 4 9 4 4 4 4 9 4 4 4 4 9 4 4 4 4 9 4 4 4 4 9 4 4 4 4 9 4 4 4 4 9 4 4 4 4 9 4 4 4 4 9 4 4 4 4 9 4 4 4 4 9 4 4 4 4 9 4 4 4 4 9 4 4 4 4 9 4 4 4 4 9 4 4 4 4 9 4 4 4
4 9 4 4 4 4 9 4 4 4 4 9 4 4 4 4 9 4 4 4 4 9 4 4 4 4 9 4 4 4 4 9 4 4 4 4 9 4 4 4 4 9 4 4 4 4 9 4 4 4 4 9 4 4 4 4 9 4 4 4 4 9 4 4 4 4 9 4 4 4 4 9 4 4 4 4 9 4 4 4 4 9 4 4 4 4 9 4 4 4 4 9 4 4 4 4 9 4 4 4 4 9 4 4 4 4 9 4 4 4 4 9 4 4 4 4 9 4 4 4 4 9 4 4 4 4 9 4 4 4 4 9 4 4 4 4 9 4 4 4 4 9 4 4 4 4 9 4 4 4
4 9 4 4 4 4 9 4 4 4 4 9 4 4 4 4 9 4 4 4 4 9 4 4 4 4 9 4 4 4 4 9 4 4 4 4 9 4 4 4 4 9 4 4 4 4 9 4 4 4 4 9 4 4 4 4 9 4 4 4 4 9 4 4 4 4 9 4 4 4 4 9 4 4 4 4 9 4 4 4 4 9 4 4 4 4 9 4 4 4 4 9 4 4 4 4 9 4 4 4 4 9 4 4 4 4 9 4 4 4 4 9 4 4 4 4 9 4 4 4 4 9 4 4 4 4 9 4 4 4 4 9 4 4 4 4 9 4 4 4 4 9 4 4 4 4 9 4 4 4
4 9 4 4 4 4 9 4 4 4 4 9 4 4 4 4 9 4 4 4 4 9 4 4 4 4 9 4 4 4 4 9 4 4 4 4 9 4 4 4 4 9 4 4 4 4 9 4 4 4 4 9 4 4 4 4 9 4 4 4 4 9 4 4 4 4 9 4 4 4 4 9 4 4 4 4 9 4 4 4 4 9 4 4 4 4 9 4 4 4 4 9 4 4 4 4 9 4 4 4 4 9 4 4 4 4 9 4 4 4 4 9 4 4 4 4 9 4 4 4 4 9 4 4 4 4 9 4 4 4 4 9 4 4 4 4 9 4 4 4 4 9 4 4 4 4 9 4 4 4
4 9 4 4 4 4 9 4 4 4 4 9 4 4 4 4 9 4 4 4 4 9 4 4 4 4 9 4 4 4 4 9 4 4 4 4 9 4 4 4 4 9 4 4 4 4 9 4 4 4 4 9 4 4 4 4 9 4 4 4 4 9 4 4 4 4 9 4 4 4 4 9 4 4 4 4 9 4 4 4 4 9 4 4 4 4 9 4 4 4 4 9 4 4 4 4 9 4 4 4 4 9 4 4 4 4 9 4 4 4 4 9 4 4 4 4 9 4 4 4 4 9 4 4 4 4 9 4 4 4 4 9 4 4 4 4 9 4 4 4 4 9 4 4 4 4 9 4 4 4
4 9 4 4 4 4 9 4 4 4 4 9 4 4 4 4 9 4 4 4 4 9 4 4 4 4 9 4 4 4 4 9 4 4 4 4 9 4 4 4 4 9 4 4 4 4 9 4 4 4 4 9 4 4 4 4 9 4 4 4 4 9 4 4 4 4 9 4 4 4 4 9 4 4 4 4 9 4 4 4 4 9 4 4 4 4 9 4 4 4 4 9 4 4 4 4 9 4 4 4 4 9 4 4 4 4 9 4 4 4 4 9 4 4 4 4 9 4 4 4 4 9 4 4 4 4 9 4 4 4 4 9 4 4 4 4 9 4 4 4 4 9 4 4 4 4 9 4 4 44 9 4 4 4 4 9 4 4 4 4 9 4 4 4 4 9 4 4 4 4 9 4 4 4 4 9 4 4 4 4 9 4 4 4 4 9 4 4 4 4 9 4 4 4 4 9 4 4 4
4 9 4 4 4 4 9 4 4 4 4 9 4 4 4 4 9 4 4 4 4 9 4 4 4 4 9 4 4 4 4 9 4 4 4 4 9 4 4 4 4 9 4 4 4 4 9 4 4 4 4 9 4 4 4 4 9 4 4 4 4 9 4 4 4 4 9 4 4 4 4 9 4 4 4 4 9 4 4 4 4 9 4 4 4 4 9 4 4 4 4 9 4 4 4 4 9 4 4 4 4 9 4 4 4 4 9 4 4 4 4 9 4 4 4 4 9 4 4 4 4 9 4 4 4 4 9 4 4 4 4 9 4 4 4 4 9 4 4 4 4 9 4 4 4 4 9 4 4 4
4 9 4 4 4 4 9 4 4 4 4 9 4 4 4 4 9 4 4 4 4 9 4 4 4 4 9 4 4 4 4 9 4 4 4 4 9 4 4 4 4 9 4 4 4 4 9 4 4 4 4 9 4 4 4 4 9 4 4 4 4 9 4 4 4 4 9 4 4 4 4 9 4 4 4 4 9 4 4 4 4 9 4 4 4 4 9 4 4 4 4 9 4 4 4 4 9 4 4 4 4 9 4 4 4 4 9 4 4 4 4 9 4 4 4 4 9 4 4 4 4 9 4 4 4 4 9 4 4 4 4 9 4 4 4 4 9 4 4 4 4 9 4 4 4 4 9 4 4 4
4 9 4 4 4 4 9 4 4 4 4 9 4 4 4 4 9 4 4 4 4 9 4 4 4 4 9 4 4 4 4 9 4 4 4 4 9 4 4 4 4 9 4 4 4 4 9 4 4 4 4 9 4 4 4 4 9 4 4 4 4 9 4 4 4 4 9 4 4 4 4 9 4 4 4 4 9 4 4 4 4 9 4 4 4 4 9 4 4 4 4 9 4 4 4 4 9 4 4 4 4 9 4 4 4 4 9 4 4 4 4 9 4 4 4 4 9 4 4 4 4 9 4 4 4 4 9 4 4 4 4 9 4 4 4 4 9 4 4 4 4 9 4 4 4 4 9 4 4 4
4 9 4 4 4 4 9 4 4 4 4 9 4 4 4 4 9 4 4 4 4 9 4 4 4 4 9 4 4 4 4 9 4 4 4 4 9 4 4 4 4 9 4 4 4 4 9 4 4 4 4 9 4 4 4 4 9 4 4 4 4 9 4 4 4 4 9 4 4 4 4 9 4 4 4 4 9 4 4 4 4 9 4 4 4 4 9 4 4 4 4 9 4 4 4 4 9 4 4 4 4 9 4 4 4 4 9 4 4 4 4 9 4 4 4 4 9 4 4 4 4 9 4 4 4 4 9 4 4 4 4 9 4 4 4 4 9 4 4 4 4 9 4 4 4 4 9 4 4 4
4 9 4 4 4 4 9 4 4 4 4 9 4 4 4 4 9 4 4 4 4 9 4 4 4 4 9 4 4 4 4 9 4 4 4 4 9 4 4 4 4 9 4 4 4 4 9 4 4 4 4 9 4 4 4 4 9 4 4 4 4 9 4 4 4 4 9 4 4 4 4 9 4 4 4 4 9 4 4 4 4 9 4 4 4 4 9 4 4 4 4 9 4 4 4 4 9 4 4 4 4 9 4 4 4 4 9 4 4 4 4 9 4 4 4 4 9 4 4 4 4 9 4 4 4 4 9 4 4 4 4 9 4 4 4 4 9 4 4 4 4 9 4 4 4 4 9 4 4 4
4 9 4 4 4 4 9 4 4 4 4 9 4 4 4 4 9 4 4 4 4 9 4 4 4 4 9 4 4 4 4 9 4 4 4 4 9 4 4 4 4 9 4 4 4 4 9 4 4 4 4 9 4 4 4 4 9 4 4 4 4 9 4 4 4 4 9 4 4 4 4 9 4 4 4 4 9 4 4 4 4 9 4 4 4 4 9 4 4 4 4 9 4 4 4 4 9 4 4 4 4 9 4 4 4 4 9 4 4 4 4 9 4 4 4 4 9 4 4 4 4 9 4 4 4 4 9 4 4 4 4 9 4 4 4 4 9 4 4 4 4 9 4 4 4 4 9 4 4 44 9 4 4 4 4 9 4 4 4 4 9 4 4 4 4 9 4 4 4 4 9 4 4 4 4 9 4 4 4 4 9 4 4 4 4 9 4 4 4 4 9 4 4 4 4 9 4 4 4
4 9 4 4 4 4 9 4 4 4 4 9 4 4 4 4 9 4 4 4 4 9 4 4 4 4 9 4 4 4 4 9 4 4 4 4 9 4 4 4 4 9 4 4 4 4 9 4 4 4 4 9 4 4 4 4 9 4 4 4 4 9 4 4 4 4 9 4 4 4 4 9 4 4 4 4 9 4 4 4 4 9 4 4 4 4 9 4 4 4 4 9 4 4 4 4 9 4 4 4 4 9 4 4 4 4 9 4 4 4 4 9 4 4 4 4 9 4 4 4 4 9 4 4 4 4 9 4 4 4 4 9 4 4 4 4 9 4 4 4 4 9 4 4 4 4 9 4 4 4
4 9 4 4 4 4 9 4 4 4 4 9 4 4 4 4 9 4 4 4 4 9 4 4 4 4 9 4 4 4 4 9 4 4 4 4 9 4 4 4 4 9 4 4 4 4 9 4 4 4 4 9 4 4 4 4 9 4 4 4 4 9 4 4 4 4 9 4 4 4 4 9 4 4 4 4 9 4 4 4 4 9 4 4 4 4 9 4 4 4 4 9 4 4 4 4 9 4 4 4 4 9 4 4 4 4 9 4 4 4 4 9 4 4 4 4 9 4 4 4 4 9 4 4 4 4 9 4 4 4 4 9 4 4 4 4 9 4 4 4 4 9 4 4 4 4 9 4 4 4
4 9 4 4 4 4 9 4 4 4 4 9 4 4 4 4 9 4 4 4 4 9 4 4 4 4 9 4 4 4 4 9 4 4 4 4 9 4 4 4 4 9 4 4 4 4 9 4 4 4 4 9 4 4 4 4 9 4 4 4 4 9 4 4 4 4 9 4 4 4 4 9 4 4 4 4 9 4 4 4 4 9 4 4 4 4 9 4 4 4 4 9 4 4 4 4 9 4 4 4 4 9 4 4 4 4 9 4 4 4 4 9 4 4 4 4 9 4 4 4 4 9 4 4 4 4 9 4 4 4 4 9 4 4 4 4 9 4 4 4 4 9 4 4 4 4 9 4 4 4
4 9 4 4 4 4 9 4 4 4 4 9 4 4 4 4 9 4 4 4 4 9 4 4 4 4 9 4 4 4 4 9 4 4 4 4 9 4 4 4 4 9 4 4 4 4 9 4 4 4 4 9 4 4 4 4 9 4 4 4 4 9 4 4 4 4 9 4 4 4 4 9 4 4 4 4 9 4 4 4 4 9 4 4 4 4 9 4 4 4 4 9 4 4 4 4 9 4 4 4 4 9 4 4 4 4 9 4 4 4 4 9 4 4 4 4 9 4 4 4 4 9 4 4 4 4 9 4 4 4 4 9 4 4 4 4 9 4 4 4 4 9 4 4 4 4 9 4 4 4
4 9 4 4 4 4 9 4 4 4 4 9 4 4 4 4 9 4 4 4 4 9 4 4 4 4 9 4 4 4 4 9 4 4 4 4 9 4 4 4 4 9 4 4 4 4 9 4 4 4 4 9 4 4 4 4 9 4 4 4 4 9 4 4 4 4 9 4 4 4 4 9 4 4 4 4 9 4 4 4 4 9 4 4 4 4 9 4 4 4 4 9 4 4 4 4 9 4 4 4 4 9 4 4 4 4 9 4 4 4 4 9 4 4 4 4 9 4 4 4 4 9 4 4 4 4 9 4 4 4 4 9 4 4 4 4 9 4 4 4 4 9 4 4 4 4 9 4 4 4
4 9 4 4 4 4 9 4 4 4 4 9 4 4 4 4 9 4 4 4 4 9 4 4 4 4 9 4 4 4 4 9 4 4 4 4 9 4 4 4 4 9 4 4 4 4 9 4 4 4 4 9 4 4 4 4 9 4 4 4 4 9 4 4 4 4 9 4 4 4 4 9 4 4 4 4 9 4 4 4 4 9 4 4 4 4 9 4 4 4 4 9 4 4 4 4 9 4 4 4 4 9 4 4 4 4 9 4 4 4 4 9 4 4 4 4 9 4 4 4 4 9 4 4 4 4 9 4 4 4 4 9 4 4 4 4 9 4 4 4 4 9 4 4 4 4 9 4 4 44 9 4 4 4 4 9 4 4 4 4 9 4 4 4 4 9 4 4 4 4 9 4 4 4 4 9 4 4 4 4 9 4 4 4 4 9 4 4 4 4 9 4 4 4 4 9 4 4 4
4 9 4 4 4 4 9 4 4 4 4 9 4 4 4 4 9 4 4 4 4 9 4 4 4 4 9 4 4 4 4 9 4 4 4 4 9 4 4 4 4 9 4 4 4 4 9 4 4 4 4 9 4 4 4 4 9 4 4 4 4 9 4 4 4 4 9 4 4 4 4 9 4 4 4 4 9 4 4 4 4 9 4 4 4 4 9 4 4 4 4 9 4 4 4 4 9 4 4 4 4 9 4 4 4 4 9 4 4 4 4 9 4 4 4 4 9 4 4 4 4 9 4 4 4 4 9 4 4 4 4 9 4 4 4 4 9 4 4 4 4 9 4 4 4 4 9 4 4 4
4 9 4 4 4 4 9 4 4 4 4 9 4 4 4 4 9 4 4 4 4 9 4 4 4 4 9 4 4 4 4 9 4 4 4 4 9 4 4 4 4 9 4 4 4 4 9 4 4 4 4 9 4 4 4 4 9 4 4 4 4 9 4 4 4 4 9 4 4 4 4 9 4 4 4 4 9 4 4 4 4 9 4 4 4 4 9 4 4 4 4 9 4 4 4 4 9 4 4 4 4 9 4 4 4 4 9 4 4 4 4 9 4 4 4 4 9 4 4 4 4 9 4 4 4 4 9 4 4 4 4 9 4 4 4 4 9 4 4 4 4 9 4 4 4 4 9 4 4 4
4 9 4 4 4 4 9 4 4 4 4 9 4 4 4 4 9 4 4 4 4 9 4 4 4 4 9 4 4 4 4 9 4 4 4 4 9 4 4 4 4 9 4 4 4 4 9 4 4 4 4 9 4 4 4 4 9 4 4 4 4 9 4 4 4 4 9 4 4 4 4 9 4 4 4 4 9 4 4 4 4 9 4 4 4 4 9 4 4 4 4 9 4 4 4 4 9 4 4 4 4 9 4 4 4 4 9 4 4 4 4 9 4 4 4 4 9 4 4 4 4 9 4 4 4 4 9 4 4 4 4 9 4 4 4 4 9 4 4 4 4 9 4 4 4 4 9 4 4 4
4 9 4 4 4 4 9 4 4 4 4 9 4 4 4 4 9 4 4 4 4 9 4 4 4 4 9 4 4 4 4 9 4 4 4 4 9 4 4 4 4 9 4 4 4 4 9 4 4 4 4 9 4 4 4 4 9 4 4 4 4 9 4 4 4 4 9 4 4 4 4 9 4 4 4 4 9 4 4 4 4 9 4 4 4 4 9 4 4 4 4 9 4 4 4 4 9 4 4 4 4 9 4 4 4 4 9 4 4 4 4 9 4 4 4 4 9 4 4 4 4 9 4 4 4 4 9 4 4 4 4 9 4 4 4 4 9 4 4 4 4 9 4 4 4 4 9 4 4 4
4 9 4 4 4 4 9 4 4 4 4 9 4 4 4 4 9 4 4 4 4 9 4 4 4 4 9 4 4 4 4 9 4 4 4 4 9 4 4 4 4 9 4 4 4 4 9 4 4 4 4 9 4 4 4 4 9 4 4 4 4 9 4 4 4 4 9 4 4 4 4 9 4 4 4 4 9 4 4 4 4 9 4 4 4 4 9 4 4 4 4 9 4 4 4 4 9 4 4 4 4 9 4 4 4 4 9 4 4 4 4 9 4 4 4 4 9 4 4 4 4 9 4 4 4 4 9 4 4 4 4 9 4 4 4 4 9 4 4 4 4 9 4 4 4 4 9 4 4 4
4 9 4 4 4 4 9 4 4 4 4 9 4 4 4 4 9 4 4 4 4 9 4 4 4 4 9 4 4 4 4 9 4 4 4 4 9 4 4 4 4 9 4 4 4 4 9 4 4 4 4 9 4 4 4 4 9 4 4 4 4 9 4 4 4 4 9 4 4 4 4 9 4 4 4 4 9 4 4 4 4 9 4 4 4 4 9 4 4 4 4 9 4 4 4 4 9 4 4 4 4 9 4 4 4 4 9 4 4 4 4 9 4 4 4 4 9 4 4 4 4 9 4 4 4 4 9 4 4 4 4 9 4 4 4 4 9 4 4 4 4 9 4 4 4 4 9 4 4 44 9 4 4 4 4 9 4 4 4 4 9 4 4 4 4 9 4 4 4 4 9 4 4 4 4 9 4 4 4 4 9 4 4 4 4 9 4 4 4 4 9 4 4 4 4 9 4 4 4
4 9 4 4 4 4 9 4 4 4 4 9 4 4 4 4 9 4 4 4 4 9 4 4 4 4 9 4 4 4 4 9 4 4 4 4 9 4 4 4 4 9 4 4 4 4 9 4 4 4 4 9 4 4 4 4 9 4 4 4 4 9 4 4 4 4 9 4 4 4 4 9 4 4 4 4 9 4 4 4 4 9 4 4 4 4 9 4 4 4 4 9 4 4 4 4 9 4 4 4 4 9 4 4 4 4 9 4 4 4 4 9 4 4 4 4 9 4 4 4 4 9 4 4 4 4 9 4 4 4 4 9 4 4 4 4 9 4 4 4 4 9 4 4 4 4 9 4 4 4
4 9 4 4 4 4 9 4 4 4 4 9 4 4 4 4 9 4 4 4 4 9 4 4 4 4 9 4 4 4 4 9 4 4 4 4 9 4 4 4 4 9 4 4 4 4 9 4 4 4 4 9 4 4 4 4 9 4 4 4 4 9 4 4 4 4 9 4 4 4 4 9 4 4 4 4 9 4 4 4 4 9 4 4 4 4 9 4 4 4 4 9 4 4 4 4 9 4 4 4 4 9 4 4 4 4 9 4 4 4 4 9 4 4 4 4 9 4 4 4 4 9 4 4 4 4 9 4 4 4 4 9 4 4 4 4 9 4 4 4 4 9 4 4 4 4 9 4 4 4
4 9 4 4 4 4 9 4 4 4 4 9 4 4 4 4 9 4 4 4 4 9 4 4 4 4 9 4 4 4 4 9 4 4 4 4 9 4 4 4 4 9 4 4 4 4 9 4 4 4 4 9 4 4 4 4 9 4 4 4 4 9 4 4 4 4 9 4 4 4 4 9 4 4 4 4 9 4 4 4 4 9 4 4 4 4 9 4 4 4 4 9 4 4 4 4 9 4 4 4 4 9 4 4 4 4 9 4 4 4 4 9 4 4 4 4 9 4 4 4 4 9 4 4 4 4 9 4 4 4 4 9 4 4 4 4 9 4 4 4 4 9 4 4 4 4 9 4 4 4
4 9 4 4 4 4 9 4 4 4 4 9 4 4 4 4 9 4 4 4 4 9 4 4 4 4 9 4 4 4 4 9 4 4 4 4 9 4 4 4 4 9 4 4 4 4 9 4 4 4 4 9 4 4 4 4 9 4 4 4 4 9 4 4 4 4 9 4 4 4 4 9 4 4 4 4 9 4 4 4 4 9 4 4 4 4 9 4 4 4 4 9 4 4 4 4 9 4 4 4 4 9 4 4 4 4 9 4 4 4 4 9 4 4 4 4 9 4 4 4 4 9 4 4 4 4 9 4 4 4 4 9 4 4 4 4 9 4 4 4 4 9 4 4 4 4 9 4 4 4
4 9 4 4 4 4 9 4 4 4 4 9 4 4 4 4 9 4 4 4 4 9 4 4 4 4 9 4 4 4 4 9 4 4 4 4 9 4 4 4 4 9 4 4 4 4 9 4 4 4 4 9 4 4 4 4 9 4 4 4 4 9 4 4 4 4 9 4 4 4 4 9 4 4 4 4 9 4 4 4 4 9 4 4 4 4 9 4 4 4 4 9 4 4 4 4 9 4 4 4 4 9 4 4 4 4 9 4 4 4 4 9 4 4 4 4 9 4 4 4 4 9 4 4 4 4 9 4 4 4 4 9 4 4 4 4 9 4 4 4 4 9 4 4 4 4 9 4 4 4
4 9 4 4 4 4 9 4 4 4 4 9 4 4 4 4 9 4 4 4 4 9 4 4 4 4 9 4 4 4 4 9 4 4 4 4 9 4 4 4 4 9 4 4 4 4 9 4 4 4 4 9 4 4 4 4 9 4 4 4 4 9 4 4 4 4 9 4 4 4 4 9 4 4 4 4 9 4 4 4 4 9 4 4 4 4 9 4 4 4 4 9 4 4 4 4 9 4 4 4 4 9 4 4 4 4 9 4 4 4 4 9 4 4 4 4 9 4 4 4 4 9 4 4 4 4 9 4 4 4 4 9 4 4 4 4 9 4 4 4 4 9 4 4 4 4 9 4 4 44 9 4 4 4 4 9 4 4 4 4 9 4 4 4 4 9 4 4 4 4 9 4 4 4 4 9 4 4 4 4 9 4 4 4 4 9 4 4 4 4 9 4 4 4 4 9 4 4 4
4 9 4 4 4 4 9 4 4 4 4 9 4 4 4 4 9 4 4 4 4 9 4 4 4 4 9 4 4 4 4 9 4 4 4 4 9 4 4 4 4 9 4 4 4 4 9 4 4 4 4 9 4 4 4 4 9 4 4 4 4 9 4 4 4 4 9 4 4 4 4 9 4 4 4 4 9 4 4 4 4 9 4 4 4 4 9 4 4 4 4 9 4 4 4 4 9 4 4 4 4 9 4 4 4 4 9 4 4 4 4 9 4 4 4 4 9 4 4 4 4 9 4 4 4 4 9 4 4 4 4 9 4 4 4 4 9 4 4 4 4 9 4 4 4 4 9 4 4 4
4 9 4 4 4 4 9 4 4 4 4 9 4 4 4 4 9 4 4 4 4 9 4 4 4 4 9 4 4 4 4 9 4 4 4 4 9 4 4 4 4 9 4 4 4 4 9 4 4 4 4 9 4 4 4 4 9 4 4 4 4 9 4 4 4 4 9 4 4 4 4 9 4 4 4 4 9 4 4 4 4 9 4 4 4 4 9 4 4 4 4 9 4 4 4 4 9 4 4 4 4 9 4 4 4 4 9 4 4 4 4 9 4 4 4 4 9 4 4 4 4 9 4 4 4 4 9 4 4 4 4 9 4 4 4 4 9 4 4 4 4 9 4 4 4 4 9 4 4 4
4 9 4 4 4 4 9 4 4 4 4 9 4 4 4 4 9 4 4 4 4 9 4 4 4 4 9 4 4 4 4 9 4 4 4 4 9 4 4 4 4 9 4 4 4 4 9 4 4 4 4 9 4 4 4 4 9 4 4 4 4 9 4 4 4 4 9 4 4 4 4 9 4 4 4 4 9 4 4 4 4 9 4 4 4 4 9 4 4 4 4 9 4 4 4 4 9 4 4 4 4 9 4 4 4 4 9 4 4 4 4 9 4 4 4 4 9 4 4 4 4 9 4 4 4 4 9 4 4 4 4 9 4 4 4 4 9 4 4 4 4 9 4 4 4 4 9 4 4 4
4 9 4 4 4 4 9 4 4 4 4 9 4 4 4 4 9 4 4 4 4 9 4 4 4 4 9 4 4 4 4 9 4 4 4 4 9 4 4 4 4 9 4 4 4 4 9 4 4 4 4 9 4 4 4 4 9 4 4 4 4 9 4 4 4 4 9 4 4 4 4 9 4 4 4 4 9 4 4 4 4 9 4 4 4 4 9 4 4 4 4 9 4 4 4 4 9 4 4 4 4 9 4 4 4 4 9 4 4 4 4 9 4 4 4 4 9 4 4 4 4 9 4 4 4 4 9 4 4 4 4 9 4 4 4 4 9 4 4 4 4 9 4 4 4 4 9 4 4 4
4 9 4 4 4 4 9 4 4 4 4 9 4 4 4 4 9 4 4 4 4 9 4 4 4 4 9 4 4 4 4 9 4 4 4 4 9 4 4 4 4 9 4 4 4 4 9 4 4 4 4 9 4 4 4 4 9 4 4 4 4 9 4 4 4 4 9 4 4 4 4 9 4 4 4 4 9 4 4 4 4 9 4 4 4 4 9 4 4 4 4 9 4 4 4 4 9 4 4 4 4 9 4 4 4 4 9 4 4 4 4 9 4 4 4 4 9 4 4 4 4 9 4 4 4 4 9 4 4 4 4 9 4 4 4 4 9 4 4 4 4 9 4 4 4 4 9 4 4 4
4 9 4 4 4 4 9 4 4 4 4 9 4 4 4 4 9 4 4 4 4 9 4 4 4 4 9 4 4 4 4 9 4 4 4 4 9 4 4 4 4 9 4 4 4 4 9 4 4 4 4 9 4 4 4 4 9 4 4 4 4 9 4 4 4 4 9 4 4 4 4 9 4 4 4 4 9 4 4 4 4 9 4 4 4 4 9 4 4 4 4 9 4 4 4 4 9 4 4 4 4 9 4 4 4 4 9 4 4 4 4 9 4 4 4 4 9 4 4 4 4 9 4 4 4 4 9 4 4 4 4 9 4 4 4 4 9 4 4 4 4 9 4 4 4 4 9 4 4 44 9 4 4 4 4 9 4 4 4 4 9 4 4 4 4 9 4 4 4 4 9 4 4 4 4 9 4 4 4 4 9 4 4 4 4 9 4 4 4 4 9 4 4 4 4 9 4 4 4
4 9 4 4 4 4 9 4 4 4 4 9 4 4 4 4 9 4 4 4 4 9 4 4 4 4 9 4 4 4 4 9 4 4 4 4 9 4 4 4 4 9 4 4 4 4 9 4 4 4 4 9 4 4 4 4 9 4 4 4 4 9 4 4 4 4 9 4 4 4 4 9 4 4 4 4 9 4 4 4 4 9 4 4 4 4 9 4 4 4 4 9 4 4 4 4 9 4 4 4 4 9 4 4 4 4 9 4 4 4 4 9 4 4 4 4 9 4 4 4 4 9 4 4 4 4 9 4 4 4 4 9 4 4 4 4 9 4 4 4 4 9 4 4 4 4 9 4 4 4
4 9 4 4 4 4 9 4 4 4 4 9 4 4 4 4 9 4 4 4 4 9 4 4 4 4 9 4 4 4 4 9 4 4 4 4 9 4 4 4 4 9 4 4 4 4 9 4 4 4 4 9 4 4 4 4 9 4 4 4 4 9 4 4 4 4 9 4 4 4 4 9 4 4 4 4 9 4 4 4 4 9 4 4 4 4 9 4 4 4 4 9 4 4 4 4 9 4 4 4 4 9 4 4 4 4 9 4 4 4 4 9 4 4 4 4 9 4 4 4 4 9 4 4 4 4 9 4 4 4 4 9 4 4 4 4 9 4 4 4 4 9 4 4 4 4 9 4 4 4
4 9 4 4 4 4 9 4 4 4 4 9 4 4 4 4 9 4 4 4 4 9 4 4 4 4 9 4 4 4 4 9 4 4 4 4 9 4 4 4 4 9 4 4 4 4 9 4 4 4 4 9 4 4 4 4 9 4 4 4 4 9 4 4 4 4 9 4 4 4 4 9 4 4 4 4 9 4 4 4 4 9 4 4 4 4 9 4 4 4 4 9 4 4 4 4 9 4 4 4 4 9 4 4 4 4 9 4 4 4 4 9 4 4 4 4 9 4 4 4 4 9 4 4 4 4 9 4 4 4 4 9 4 4 4 4 9 4 4 4 4 9 4 4 4 4 9 4 4 4
4 9 4 4 4 4 9 4 4 4 4 9 4 4 4 4 9 4 4 4 4 9 4 4 4 4 9 4 4 4 4 9 4 4 4 4 9 4 4 4 4 9 4 4 4 4 9 4 4 4 4 9 4 4 4 4 9 4 4 4 4 9 4 4 4 4 9 4 4 4 4 9 4 4 4 4 9 4 4 4 4 9 4 4 4 4 9 4 4 4 4 9 4 4 4 4 9 4 4 4 4 9 4 4 4 4 9 4 4 4 4 9 4 4 4 4 9 4 4 4 4 9 4 4 4 4 9 4 4 4 4 9 4 4 4 4 9 4 4 4 4 9 4 4 4 4 9 4 4 4
4 9 4 4 4 4 9 4 4 4 4 9 4 4 4 4 9 4 4 4 4 9 4 4 4 4 9 4 4 4 4 9 4 4 4 4 9 4 4 4 4 9 4 4 4 4 9 4 4 4 4 9 4 4 4 4 9 4 4 4 4 9 4 4 4 4 9 4 4 4 4 9 4 4 4 4 9 4 4 4 4 9 4 4 4 4 9 4 4 4 4 9 4 4 4 4 9 4 4 4 4 9 4 4 4 4 9 4 4 4 4 9 4 4 4 4 9 4 4 4 4 9 4 4 4 4 9 4 4 4 4 9 4 4 4 4 9 4 4 4 4 9 4 4 4 4 9 4 4 4
4 9 4 4 4 4 9 4 4 4 4 9 4 4 4 4 9 4 4 4 4 9 4 4 4 4 9 4 4 4 4 9 4 4 4 4 9 4 4 4 4 9 4 4 4 4 9 4 4 4 4 9 4 4 4 4 9 4 4 4 4 9 4 4 4 4 9 4 4 4 4 9 4 4 4 4 9 4 4 4 4 9 4 4 4 4 9 4 4 4 4 9 4 4 4 4 9 4 4 4 4 9 4 4 4 4 9 4 4 4 4 9 4 4 4 4 9 4 4 4 4 9 4 4 4 4 9 4 4 4 4 9 4 4 4 4 9 4 4 4 4 9 4 4 4 4 9 4 4 44 9 4 4 4 4 9 4 4 4 4 9 4 4 4 4 9 4 4 4 4 9 4 4 4 4 9 4 4 4 4 9 4 4 4 4 9 4 4 4 4 9 4 4 4 4 9 4 4 4
4 9 4 4 4 4 9 4 4 4 4 9 4 4 4 4 9 4 4 4 4 9 4 4 4 4 9 4 4 4 4 9 4 4 4 4 9 4 4 4 4 9 4 4 4 4 9 4 4 4 4 9 4 4 4 4 9 4 4 4 4 9 4 4 4 4 9 4 4 4 4 9 4 4 4 4 9 4 4 4 4 9 4 4 4 4 9 4 4 4 4 9 4 4 4 4 9 4 4 4 4 9 4 4 4 4 9 4 4 4 4 9 4 4 4 4 9 4 4 4 4 9 4 4 4 4 9 4 4 4 4 9 4 4 4 4 9 4 4 4 4 9 4 4 4 4 9 4 4 4
4 9 4 4 4 4 9 4 4 4 4 9 4 4 4 4 9 4 4 4 4 9 4 4 4 4 9 4 4 4 4 9 4 4 4 4 9 4 4 4 4 9 4 4 4 4 9 4 4 4 4 9 4 4 4 4 9 4 4 4 4 9 4 4 4 4 9 4 4 4 4 9 4 4 4 4 9 4 4 4 4 9 4 4 4 4 9 4 4 4 4 9 4 4 4 4 9 4 4 4 4 9 4 4 4 4 9 4 4 4 4 9 4 4 4 4 9 4 4 4 4 9 4 4 4 4 9 4 4 4 4 9 4 4 4 4 9 4 4 4 4 9 4 4 4 4 9 4 4 4
4 9 4 4 4 4 9 4 4 4 4 9 4 4 4 4 9 4 4 4 4 9 4 4 4 4 9 4 4 4 4 9 4 4 4 4 9 4 4 4 4 9 4 4 4 4 9 4 4 4 4 9 4 4 4 4 9 4 4 4 4 9 4 4 4 4 9 4 4 4 4 9 4 4 4 4 9 4 4 4 4 9 4 4 4 4 9 4 4 4 4 9 4 4 4 4 9 4 4 4 4 9 4 4 4 4 9 4 4 4 4 9 4 4 4 4 9 4 4 4 4 9 4 4 4 4 9 4 4 4 4 9 4 4 4 4 9 4 4 4 4 9 4 4 4 4 9 4 4 4
4 9 4 4 4 4 9 4 4 4 4 9 4 4 4 4 9 4 4 4 4 9 4 4 4 4 9 4 4 4 4 9 4 4 4 4 9 4 4 4 4 9 4 4 4 4 9 4 4 4 4 9 4 4 4 4 9 4 4 4 4 9 4 4 4 4 9 4 4 4 4 9 4 4 4 4 9 4 4 4 4 9 4 4 4 4 9 4 4 4 4 9 4 4 4 4 9 4 4 4 4 9 4 4 4 4 9 4 4 4 4 9 4 4 4 4 9 4 4 4 4 9 4 4 4 4 9 4 4 4 4 9 4 4 4 4 9 4 4 4 4 9 4 4 4 4 9 4 4 4
4 9 4 4 4 4 9 4 4 4 4 9 4 4 4 4 9 4 4 4 4 9 4 4 4 4 9 4 4 4 4 9 4 4 4 4 9 4 4 4 4 9 4 4 4 4 9 4 4 4 4 9 4 4 4 4 9 4 4 4 4 9 4 4 4 4 9 4 4 4 4 9 4 4 4 4 9 4 4 4 4 9 4 4 4 4 9 4 4 4 4 9 4 4 4 4 9 4 4 4 4 9 4 4 4 4 9 4 4 4 4 9 4 4 4 4 9 4 4 4 4 9 4 4 4 4 9 4 4 4 4 9 4 4 4 4 9 4 4 4 4 9 4 4 4 4 9 4 4 4
4 9 4 4 4 4 9 4 4 4 4 9 4 4 4 4 9 4 4 4 4 9 4 4 4 4 9 4 4 4 4 9 4 4 4 4 9 4 4 4 4 9 4 4 4 4 9 4 4 4 4 9 4 4 4 4 9 4 4 4 4 9 4 4 4 4 9 4 4 4 4 9 4 4 4 4 9 4 4 4 4 9 4 4 4 4 9 4 4 4 4 9 4 4 4 4 9 4 4 4 4 9 4 4 4 4 9 4 4 4 4 9 4 4 4 4 9 4 4 4 4 9 4 4 4 4 9 4 4 4 4 9 4 4 4 4 9 4 4 4 4 9 4 4 4 4 9 4 4 44 9 4 4 4 4 9 4 4 4 4 9 4 4 4 4 9 4 4 4 4 9 4 4 4 4 9 4 4 4 4 9 4 4 4 4 9 4 4 4 4 9 4 4 4 4 9 4 4 4
4 9 4 4 4 4 9 4 4 4 4 9 4 4 4 4 9 4 4 4 4 9 4 4 4 4 9 4 4 4 4 9 4 4 4 4 9 4 4 4 4 9 4 4 4 4 9 4 4 4 4 9 4 4 4 4 9 4 4 4 4 9 4 4 4 4 9 4 4 4 4 9 4 4 4 4 9 4 4 4 4 9 4 4 4 4 9 4 4 4 4 9 4 4 4 4 9 4 4 4 4 9 4 4 4 4 9 4 4 4 4 9 4 4 4 4 9 4 4 4 4 9 4 4 4 4 9 4 4 4 4 9 4 4 4 4 9 4 4 4 4 9 4 4 4 4 9 4 4 4
4 9 4 4 4 4 9 4 4 4 4 9 4 4 4 4 9 4 4 4 4 9 4 4 4 4 9 4 4 4 4 9 4 4 4 4 9 4 4 4 4 9 4 4 4 4 9 4 4 4 4 9 4 4 4 4 9 4 4 4 4 9 4 4 4 4 9 4 4 4 4 9 4 4 4 4 9 4 4 4 4 9 4 4 4 4 9 4 4 4 4 9 4 4 4 4 9 4 4 4 4 9 4 4 4 4 9 4 4 4 4 9 4 4 4 4 9 4 4 4 4 9 4 4 4 4 9 4 4 4 4 9 4 4 4 4 9 4 4 4 4 9 4 4 4 4 9 4 4 4
4 9 4 4 4 4 9 4 4 4 4 9 4 4 4 4 9 4 4 4 4 9 4 4 4 4 9 4 4 4 4 9 4 4 4 4 9 4 4 4 4 9 4 4 4 4 9 4 4 4 4 9 4 4 4 4 9 4 4 4 4 9 4 4 4 4 9 4 4 4 4 9 4 4 4 4 9 4 4 4 4 9 4 4 4 4 9 4 4 4 4 9 4 4 4 4 9 4 4 4 4 9 4 4 4 4 9 4 4 4 4 9 4 4 4 4 9 4 4 4 4 9 4 4 4 4 9 4 4 4 4 9 4 4 4 4 9 4 4 4 4 9 4 4 4 4 9 4 4 4
4 9 4 4 4 4 9 4 4 4 4 9 4 4 4 4 9 4 4 4 4 9 4 4 4 4 9 4 4 4 4 9 4 4 4 4 9 4 4 4 4 9 4 4 4 4 9 4 4 4 4 9 4 4 4 4 9 4 4 4 4 9 4 4 4 4 9 4 4 4 4 9 4 4 4 4 9 4 4 4 4 9 4 4 4 4 9 4 4 4 4 9 4 4 4 4 9 4 4 4 4 9 4 4 4 4 9 4 4 4 4 9 4 4 4 4 9 4 4 4 4 9 4 4 4 4 9 4 4 4 4 9 4 4 4 4 9 4 4 4 4 9 4 4 4 4 9 4 4 4
4 9 4 4 4 4 9 4 4 4 4 9 4 4 4 4 9 4 4 4 4 9 4 4 4 4 9 4 4 4 4 9 4 4 4 4 9 4 4 4 4 9 4 4 4 4 9 4 4 4 4 9 4 4 4 4 9 4 4 4 4 9 4 4 4 4 9 4 4 4 4 9 4 4 4 4 9 4 4 4 4 9 4 4 4 4 9 4 4 4 4 9 4 4 4 4 9 4 4 4 4 9 4 4 4 4 9 4 4 4 4 9 4 4 4 4 9 4 4 4 4 9 4 4 4 4 9 4 4 4 4 9 4 4 4 4 9 4 4 4 4 9 4 4 4 4 9 4 4 4
4 9 4 4 4 4 9 4 4 4 4 9 4 4 4 4 9 4 4 4 4 9 4 4 4 4 9 4 4 4 4 9 4 4 4 4 9 4 4 4 4 9 4 4 4 4 9 4 4 4 4 9 4 4 4 4 9 4 4 4 4 9 4 4 4 4 9 4 4 4 4 9 4 4 4 4 9 4 4 4 4 9 4 4 4 4 9 4 4 4 4 9 4 4 4 4 9 4 4 4 4 9 4 4 4 4 9 4 4 4 4 9 4 4 4 4 9 4 4 4 4 9 4 4 4 4 9 4 4 4 4 9 4 4 4 4 9 4 4 4 4 9 4 4 4 4 9 4 4 44 9 4 4 4 4 9 4 4 4 4 9 4 4 4 4 9 4 4 4 4 9 4 4 4 4 9 4 4 4 4 9 4 4 4 4 9 4 4 4 4 9 4 4 4 4 9 4 4 4
4 9 4 4 4 4 9 4 4 4 4 9 4 4 4 4 9 4 4 4 4 9 4 4 4 4 9 4 4 4 4 9 4 4 4 4 9 4 4 4 4 9 4 4 4 4 9 4 4 4 4 9 4 4 4 4 9 4 4 4 4 9 4 4 4 4 9 4 4 4 4 9 4 4 4 4 9 4 4 4 4 9 4 4 4 4 9 4 4 4 4 9 4 4 4 4 9 4 4 4 4 9 4 4 4 4 9 4 4 4 4 9 4 4 4 4 9 4 4 4 4 9 4 4 4 4 9 4 4 4 4 9 4 4 4 4 9 4 4 4 4 9 4 4 4 4 9 4 4 4
4 9 4 4 4 4 9 4 4 4 4 9 4 4 4 4 9 4 4 4 4 9 4 4 4 4 9 4 4 4 4 9 4 4 4 4 9 4 4 4 4 9 4 4 4 4 9 4 4 4 4 9 4 4 4 4 9 4 4 4 4 9 4 4 4 4 9 4 4 4 4 9 4 4 4 4 9 4 4 4 4 9 4 4 4 4 9 4 4 4 4 9 4 4 4 4 9 4 4 4 4 9 4 4 4 4 9 4 4 4 4 9 4 4 4 4 9 4 4 4 4 9 4 4 4 4 9 4 4 4 4 9 4 4 4 4 9 4 4 4 4 9 4 4 4 4 9 4 4 4
4 9 4 4 4 4 9 4 4 4 4 9 4 4 4 4 9 4 4 4 4 9 4 4 4 4 9 4 4 4 4 9 4 4 4 4 9 4 4 4 4 9 4 4 4 4 9 4 4 4 4 9 4 4 4 4 9 4 4 4 4 9 4 4 4 4 9 4 4 4 4 9 4 4 4 4 9 4 4 4 4 9 4 4 4 4 9 4 4 4 4 9 4 4 4 4 9 4 4 4 4 9 4 4 4 4 9 4 4 4 4 9 4 4 4 4 9 4 4 4 4 9 4 4 4 4 9 4 4 4 4 9 4 4 4 4 9 4 4 4 4 9 4 4 4 4 9 4 4 4
4 9 4 4 4 4 9 4 4 4 4 9 4 4 4 4 9 4 4 4 4 9 4 4 4 4 9 4 4 4 4 9 4 4 4 4 9 4 4 4 4 9 4 4 4 4 9 4 4 4 4 9 4 4 4 4 9 4 4 4 4 9 4 4 4 4 9 4 4 4 4 9 4 4 4 4 9 4 4 4 4 9 4 4 4 4 9 4 4 4 4 9 4 4 4 4 9 4 4 4 4 9 4 4 4 4 9 4 4 4 4 9 4 4 4 4 9 4 4 4 4 9 4 4 4 4 9 4 4 4 4 9 4 4 4 4 9 4 4 4 4 9 4 4 4 4 9 4 4 4
4 9 4 4 4 4 9 4 4 4 4 9 4 4 4 4 9 4 4 4 4 9 4 4 4 4 9 4 4 4 4 9 4 4 4 4 9 4 4 4 4 9 4 4 4 4 9 4 4 4 4 9 4 4 4 4 9 4 4 4 4 9 4 4 4 4 9 4 4 4 4 9 4 4 4 4 9 4 4 4 4 9 4 4 4 4 9 4 4 4 4 9 4 4 4 4 9 4 4 4 4 9 4 4 4 4 9 4 4 4 4 9 4 4 4 4 9 4 4 4 4 9 4 4 4 4 9 4 4 4 4 9 4 4 4 4 9 4 4 4 4 9 4 4 4 4 9 4 4 4
4 9 4 4 4 4 9 4 4 4 4 9 4 4 4 4 9 4 4 4 4 9 4 4 4 4 9 4 4 4 4 9 4 4 4 4 9 4 4 4 4 9 4 4 4 4 9 4 4 4 4 9 4 4 4 4 9 4 4 4 4 9 4 4 4 4 9 4 4 4 4 9 4 4 4 4 9 4 4 4 4 9 4 4 4 4 9 4 4 4 4 9 4 4 4 4 9 4 4 4 4 9 4 4 4 4 9 4 4 4 4 9 4 4 4 4 9 4 4 4 4 9 4 4 4 4 9 4 4 4 4 9 4 4 4 4 9 4 4 4 4 9 4 4 4 4 9 4 4 44 9 4 4 4 4 9 4 4 4 4 9 4 4 4 4 9 4 4 4 4 9 4 4 4 4 9 4 4 4 4 9 4 4 4 4 9 4 4 4 4 9 4 4 4 4 9 4 4 4
4 9 4 4 4 4 9 4 4 4 4 9 4 4 4 4 9 4 4 4 4 9 4 4 4 4 9 4 4 4 4 9 4 4 4 4 9 4 4 4 4 9 4 4 4 4 9 4 4 4 4 9 4 4 4 4 9 4 4 4 4 9 4 4 4 4 9 4 4 4 4 9 4 4 4 4 9 4 4 4 4 9 4 4 4 4 9 4 4 4 4 9 4 4 4 4 9 4 4 4 4 9 4 4 4 4 9 4 4 4 4 9 4 4 4 4 9 4 4 4 4 9 4 4 4 4 9 4 4 4 4 9 4 4 4 4 9 4 4 4 4 9 4 4 4 4 9 4 4 4
4 9 4 4 4 4 9 4 4 4 4 9 4 4 4 4 9 4 4 4 4 9 4 4 4 4 9 4 4 4 4 9 4 4 4 4 9 4 4 4 4 9 4 4 4 4 9 4 4 4 4 9 4 4 4 4 9 4 4 4 4 9 4 4 4 4 9 4 4 4 4 9 4 4 4 4 9 4 4 4 4 9 4 4 4 4 9 4 4 4 4 9 4 4 4 4 9 4 4 4 4 9 4 4 4 4 9 4 4 4 4 9 4 4 4 4 9 4 4 4 4 9 4 4 4 4 9 4 4 4 4 9 4 4 4 4 9 4 4 4 4 9 4 4 4 4 9 4 4 4
4 9 4 4 4 4 9 4 4 4 4 9 4 4 4 4 9 4 4 4 4 9 4 4 4 4 9 4 4 4 4 9 4 4 4 4 9 4 4 4 4 9 4 4 4 4 9 4 4 4 4 9 4 4 4 4 9 4 4 4 4 9 4 4 4 4 9 4 4 4 4 9 4 4 4 4 9 4 4 4 4 9 4 4 4 4 9 4 4 4 4 9 4 4 4 4 9 4 4 4 4 9 4 4 4 4 9 4 4 4 4 9 4 4 4 4 9 4 4 4 4 9 4 4 4 4 9 4 4 4 4 9 4 4 4 4 9 4 4 4 4 9 4 4 4 4 9 4 4 4
4 9 4 4 4 4 9 4 4 4 4 9 4 4 4 4 9 4 4 4 4 9 4 4 4 4 9 4 4 4 4 9 4 4 4 4 9 4 4 4 4 9 4 4 4 4 9 4 4 4 4 9 4 4 4 4 9 4 4 4 4 9 4 4 4 4 9 4 4 4 4 9 4 4 4 4 9 4 4 4 4 9 4 4 4 4 9 4 4 4 4 9 4 4 4 4 9 4 4 4 4 9 4 4 4 4 9 4 4 4 4 9 4 4 4 4 9 4 4 4 4 9 4 4 4 4 9 4 4 4 4 9 4 4 4 4 9 4 4 4 4 9 4 4 4 4 9 4 4 4
4 9 4 4 4 4 9 4 4 4 4 9 4 4 4 4 9 4 4 4 4 9 4 4 4 4 9 4 4 4 4 9 4 4 4 4 9 4 4 4 4 9 4 4 4 4 9 4 4 4 4 9 4 4 4 4 9 4 4 4 4 9 4 4 4 4 9 4 4 4 4 9 4 4 4 4 9 4 4 4 4 9 4 4 4 4 9 4 4 4 4 9 4 4 4 4 9 4 4 4 4 9 4 4 4 4 9 4 4 4 4 9 4 4 4 4 9 4 4 4 4 9 4 4 4 4 9 4 4 4 4 9 4 4 4 4 9 4 4 4 4 9 4 4 4 4 9 4 4 4
4 9 4 4 4 4 9 4 4 4 4 9 4 4 4 4 9 4 4 4 4 9 4 4 4 4 9 4 4 4 4 9 4 4 4 4 9 4 4 4 4 9 4 4 4 4 9 4 4 4 4 9 4 4 4 4 9 4 4 4 4 9 4 4 4 4 9 4 4 4 4 9 4 4 4 4 9 4 4 4 4 9 4 4 4 4 9 4 4 4 4 9 4 4 4 4 9 4 4 4 4 9 4 4 4 4 9 4 4 4 4 9 4 4 4 4 9 4 4 4 4 9 4 4 4 4 9 4 4 4 4 9 4 4 4 4 9 4 4 4 4 9 4 4 4 4 9 4 4 44 9 4 4 4 4 9 4 4 4 4 9 4 4 4 4 9 4 4 4 4 9 4 4 4 4 9 4 4 4 4 9 4 4 4 4 9 4 4 4 4 9 4 4 4 4 9 4 4 4
4 9 4 4 4 4 9 4 4 4 4 9 4 4 4 4 9 4 4 4 4 9 4 4 4 4 9 4 4 4 4 9 4 4 4 4 9 4 4 4 4 9 4 4 4 4 9 4 4 4 4 9 4 4 4 4 9 4 4 4 4 9 4 4 4 4 9 4 4 4 4 9 4 4 4 4 9 4 4 4 4 9 4 4 4 4 9 4 4 4 4 9 4 4 4 4 9 4 4 4 4 9 4 4 4 4 9 4 4 4 4 9 4 4 4 4 9 4 4 4 4 9 4 4 4 4 9 4 4 4 4 9 4 4 4 4 9 4 4 4 4 9 4 4 4 4 9 4 4 4
4 9 4 4 4 4 9 4 4 4 4 9 4 4 4 4 9 4 4 4 4 9 4 4 4 4 9 4 4 4 4 9 4 4 4 4 9 4 4 4 4 9 4 4 4 4 9 4 4 4 4 9 4 4 4 4 9 4 4 4 4 9 4 4 4 4 9 4 4 4 4 9 4 4 4 4 9 4 4 4 4 9 4 4 4 4 9 4 4 4 4 9 4 4 4 4 9 4 4 4 4 9 4 4 4 4 9 4 4 4 4 9 4 4 4 4 9 4 4 4 4 9 4 4 4 4 9 4 4 4 4 9 4 4 4 4 9 4 4 4 4 9 4 4 4 4 9 4 4 4
4 9 4 4 4 4 9 4 4 4 4 9 4 4 4 4 9 4 4 4 4 9 4 4 4 4 9 4 4 4 4 9 4 4 4 4 9 4 4 4 4 9 4 4 4 4 9 4 4 4 4 9 4 4 4 4 9 4 4 4 4 9 4 4 4 4 9 4 4 4 4 9 4 4 4 4 9 4 4 4 4 9 4 4 4 4 9 4 4 4 4 9 4 4 4 4 9 4 4 4 4 9 4 4 4 4 9 4 4 4 4 9 4 4 4 4 9 4 4 4 4 9 4 4 4 4 9 4 4 4 4 9 4 4 4 4 9 4 4 4 4 9 4 4 4 4 9 4 4 4
4 9 4 4 4 4 9 4 4 4 4 9 4 4 4 4 9 4 4 4 4 9 4 4 4 4 9 4 4 4 4 9 4 4 4 4 9 4 4 4 4 9 4 4 4 4 9 4 4 4 4 9 4 4 4 4 9 4 4 4 4 9 4 4 4 4 9 4 4 4 4 9 4 4 4 4 9 4 4 4 4 9 4 4 4 4 9 4 4 4 4 9 4 4 4 4 9 4 4 4 4 9 4 4 4 4 9 4 4 4 4 9 4 4 4 4 9 4 4 4 4 9 4 4 4 4 9 4 4 4 4 9 4 4 4 4 9 4 4 4 4 9 4 4 4 4 9 4 4 4
4 9 4 4 4 4 9 4 4 4 4 9 4 4 4 4 9 4 4 4 4 9 4 4 4 4 9 4 4 4 4 9 4 4 4 4 9 4 4 4 4 9 4 4 4 4 9 4 4 4 4 9 4 4 4 4 9 4 4 4 4 9 4 4 4 4 9 4 4 4 4 9 4 4 4 4 9 4 4 4 4 9 4 4 4 4 9 4 4 4 4 9 4 4 4 4 9 4 4 4 4 9 4 4 4 4 9 4 4 4 4 9 4 4 4 4 9 4 4 4 4 9 4 4 4 4 9 4 4 4 4 9 4 4 4 4 9 4 4 4 4 9 4 4 4 4 9 4 4 4
4 9 4 4 4 4 9 4 4 4 4 9 4 4 4 4 9 4 4 4 4 9 4 4 4 4 9 4 4 4 4 9 4 4 4 4 9 4 4 4 4 9 4 4 4 4 9 4 4 4 4 9 4 4 4 4 9 4 4 4 4 9 4 4 4 4 9 4 4 4 4 9 4 4 4 4 9 4 4 4 4 9 4 4 4 4 9 4 4 4 4 9 4 4 4 4 9 4 4 4 4 9 4 4 4 4 9 4 4 4 4 9 4 4 4 4 9 4 4 4 4 9 4 4 4 4 9 4 4 4 4 9 4 4 4 4 9 4 4 4 4 9 4 4 4 4 9 4 4 44 9 4 4 4 4 9 4 4 4 4 9 4 4 4 4 9 4 4 4 4 9 4 4 4 4 9 4 4 4 4 9 4 4 4 4 9 4 4 4 4 9 4 4 4 4 9 4 4 4
4 9 4 4 4 4 9 4 4 4 4 9 4 4 4 4 9 4 4 4 4 9 4 4 4 4 9 4 4 4 4 9 4 4 4 4 9 4 4 4 4 9 4 4 4 4 9 4 4 4 4 9 4 4 4 4 9 4 4 4 4 9 4 4 4 4 9 4 4 4 4 9 4 4 4 4 9 4 4 4 4 9 4 4 4 4 9 4 4 4 4 9 4 4 4 4 9 4 4 4 4 9 4 4 4 4 9 4 4 4 4 9 4 4 4 4 9 4 4 4 4 9 4 4 4 4 9 4 4 4 4 9 4 4 4 4 9 4 4 4 4 9 4 4 4 4 9 4 4 4
4 9 4 4 4 4 9 4 4 4 4 9 4 4 4 4 9 4 4 4 4 9 4 4 4 4 9 4 4 4 4 9 4 4 4 4 9 4 4 4 4 9 4 4 4 4 9 4 4 4 4 9 4 4 4 4 9 4 4 4 4 9 4 4 4 4 9 4 4 4 4 9 4 4 4 4 9 4 4 4 4 9 4 4 4 4 9 4 4 4 4 9 4 4 4 4 9 4 4 4 4 9 4 4 4 4 9 4 4 4 4 9 4 4 4 4 9 4 4 4 4 9 4 4 4 4 9 4 4 4 4 9 4 4 4 4 9 4 4 4 4 9 4 4 4 4 9 4 4 4
4 9 4 4 4 4 9 4 4 4 4 9 4 4 4 4 9 4 4 4 4 9 4 4 4 4 9 4 4 4 4 9 4 4 4 4 9 4 4 4 4 9 4 4 4 4 9 4 4 4 4 9 4 4 4 4 9 4 4 4 4 9 4 4 4 4 9 4 4 4 4 9 4 4 4 4 9 4 4 4 4 9 4 4 4 4 9 4 4 4 4 9 4 4 4 4 9 4 4 4 4 9 4 4 4 4 9 4 4 4 4 9 4 4 4 4 9 4 4 4 4 9 4 4 4 4 9 4 4 4 4 9 4 4 4 4 9 4 4 4 4 9 4 4 4 4 9 4 4 4
4 9 4 4 4 4 9 4 4 4 4 9 4 4 4 4 9 4 4 4 4 9 4 4 4 4 9 4 4 4 4 9 4 4 4 4 9 4 4 4 4 9 4 4 4 4 9 4 4 4 4 9 4 4 4 4 9 4 4 4 4 9 4 4 4 4 9 4 4 4 4 9 4 4 4 4 9 4 4 4 4 9 4 4 4 4 9 4 4 4 4 9 4 4 4 4 9 4 4 4 4 9 4 4 4 4 9 4 4 4 4 9 4 4 4 4 9 4 4 4 4 9 4 4 4 4 9 4 4 4 4 9 4 4 4 4 9 4 4 4 4 9 4 4 4 4 9 4 4 4
4 9 4 4 4 4 9 4 4 4 4 9 4 4 4 4 9 4 4 4 4 9 4 4 4 4 9 4 4 4 4 9 4 4 4 4 9 4 4 4 4 9 4 4 4 4 9 4 4 4 4 9 4 4 4 4 9 4 4 4 4 9 4 4 4 4 9 4 4 4 4 9 4 4 4 4 9 4 4 4 4 9 4 4 4 4 9 4 4 4 4 9 4 4 4 4 9 4 4 4 4 9 4 4 4 4 9 4 4 4 4 9 4 4 4 4 9 4 4 4 4 9 4 4 4 4 9 4 4 4 4 9 4 4 4 4 9 4 4 4 4 9 4 4 4 4 9 4 4 4
4 9 4 4 4 4 9 4 4 4 4 9 4 4 4 4 9 4 4 4 4 9 4 4 4 4 9 4 4 4 4 9 4 4 4 4 9 4 4 4 4 9 4 4 4 4 9 4 4 4 4 9 4 4 4 4 9 4 4 4 4 9 4 4 4 4 9 4 4 4 4 9 4 4 4 4 9 4 4 4 4 9 4 4 4 4 9 4 4 4 4 9 4 4 4 4 9 4 4 4 4 9 4 4 4 4 9 4 4 4 4 9 4 4 4 4 9 4 4 4 4 9 4 4 4 4 9 4 4 4 4 9 4 4 4 4 9 4 4 4 4 9 4 4 4 4 9 4 4 44 9 4 4 4 4 9 4 4 4 4 9 4 4 4 4 9 4 4 4 4 9 4 4 4 4 9 4 4 4 4 9 4 4 4 4 9 4 4 4 4 9 4 4 4 4 9 4 4 4
4 9 4 4 4 4 9 4 4 4 4 9 4 4 4 4 9 4 4 4 4 9 4 4 4 4 9 4 4 4 4 9 4 4 4 4 9 4 4 4 4 9 4 4 4 4 9 4 4 4 4 9 4 4 4 4 9 4 4 4 4 9 4 4 4 4 9 4 4 4 4 9 4 4 4 4 9 4 4 4 4 9 4 4 4 4 9 4 4 4 4 9 4 4 4 4 9 4 4 4 4 9 4 4 4 4 9 4 4 4 4 9 4 4 4 4 9 4 4 4 4 9 4 4 4 4 9 4 4 4 4 9 4 4 4 4 9 4 4 4 4 9 4 4 4 4 9 4 4 4
4 9 4 4 4 4 9 4 4 4 4 9 4 4 4 4 9 4 4 4 4 9 4 4 4 4 9 4 4 4 4 9 4 4 4 4 9 4 4 4 4 9 4 4 4 4 9 4 4 4 4 9 4 4 4 4 9 4 4 4 4 9 4 4 4 4 9 4 4 4 4 9 4 4 4 4 9 4 4 4 4 9 4 4 4 4 9 4 4 4 4 9 4 4 4 4 9 4 4 4 4 9 4 4 4 4 9 4 4 4 4 9 4 4 4 4 9 4 4 4 4 9 4 4 4 4 9 4 4 4 4 9 4 4 4 4 9 4 4 4 4 9 4 4 4 4 9 4 4 4
4 9 4 4 4 4 9 4 4 4 4 9 4 4 4 4 9 4 4 4 4 9 4 4 4 4 9 4 4 4 4 9 4 4 4 4 9 4 4 4 4 9 4 4 4 4 9 4 4 4 4 9 4 4 4 4 9 4 4 4 4 9 4 4 4 4 9 4 4 4 4 9 4 4 4 4 9 4 4 4 4 9 4 4 4 4 9 4 4 4 4 9 4 4 4 4 9 4 4 4 4 9 4 4 4 4 9 4 4 4 4 9 4 4 4 4 9 4 4 4 4 9 4 4 4 4 9 4 4 4 4 9 4 4 4 4 9 4 4 4 4 9 4 4 4 4 9 4 4 4
4 9 4 4 4 4 9 4 4 4 4 9 4 4 4 4 9 4 4 4 4 9 4 4 4 4 9 4 4 4 4 9 4 4 4 4 9 4 4 4 4 9 4 4 4 4 9 4 4 4 4 9 4 4 4 4 9 4 4 4 4 9 4 4 4 4 9 4 4 4 4 9 4 4 4 4 9 4 4 4 4 9 4 4 4 4 9 4 4 4 4 9 4 4 4 4 9 4 4 4 4 9 4 4 4 4 9 4 4 4 4 9 4 4 4 4 9 4 4 4 4 9 4 4 4 4 9 4 4 4 4 9 4 4 4 4 9 4 4 4 4 9 4 4 4 4 9 4 4 4
4 9 4 4 4 4 9 4 4 4 4 9 4 4 4 4 9 4 4 4 4 9 4 4 4 4 9 4 4 4 4 9 4 4 4 4 9 4 4 4 4 9 4 4 4 4 9 4 4 4 4 9 4 4 4 4 9 4 4 4 4 9 4 4 4 4 9 4 4 4 4 9 4 4 4 4 9 4 4 4 4 9 4 4 4 4 9 4 4 4 4 9 4 4 4 4 9 4 4 4 4 9 4 4 4 4 9 4 4 4 4 9 4 4 4 4 9 4 4 4 4 9 4 4 4 4 9 4 4 4 4 9 4 4 4 4 9 4 4 4 4 9 4 4 4 4 9 4 4 4
4 9 4 4 4 4 9 4 4 4 4 9 4 4 4 4 9 4 4 4 4 9 4 4 4 4 9 4 4 4 4 9 4 4 4 4 9 4 4 4 4 9 4 4 4 4 9 4 4 4 4 9 4 4 4 4 9 4 4 4 4 9 4 4 4 4 9 4 4 4 4 9 4 4 4 4 9 4 4 4 4 9 4 4 4 4 9 4 4 4 4 9 4 4 4 4 9 4 4 4 4 9 4 4 4 4 9 4 4 4 4 9 4 4 4 4 9 4 4 4 4 9 4 4 4 4 9 4 4 4 4 9 4 4 4 4 9 4 4 4 4 9 4 4 4 4 9 4 4 44 9 4 4 4 4 9 4 4 4 4 9 4 4 4 4 9 4 4 4 4 9 4 4 4 4 9 4 4 4 4 9 4 4 4 4 9 4 4 4 4 9 4 4 4 4 9 4 4 4
4 9 4 4 4 4 9 4 4 4 4 9 4 4 4 4 9 4 4 4 4 9 4 4 4 4 9 4 4 4 4 9 4 4 4 4 9 4 4 4 4 9 4 4 4 4 9 4 4 4 4 9 4 4 4 4 9 4 4 4 4 9 4 4 4 4 9 4 4 4 4 9 4 4 4 4 9 4 4 4 4 9 4 4 4 4 9 4 4 4 4 9 4 4 4 4 9 4 4 4 4 9 4 4 4 4 9 4 4 4 4 9 4 4 4 4 9 4 4 4 4 9 4 4 4 4 9 4 4 4 4 9 4 4 4 4 9 4 4 4 4 9 4 4 4 4 9 4 4 4
4 9 4 4 4 4 9 4 4 4 4 9 4 4 4 4 9 4 4 4 4 9 4 4 4 4 9 4 4 4 4 9 4 4 4 4 9 4 4 4 4 9 4 4 4 4 9 4 4 4 4 9 4 4 4 4 9 4 4 4 4 9 4 4 4 4 9 4 4 4 4 9 4 4 4 4 9 4 4 4 4 9 4 4 4 4 9 4 4 4 4 9 4 4 4 4 9 4 4 4 4 9 4 4 4 4 9 4 4 4 4 9 4 4 4 4 9 4 4 4 4 9 4 4 4 4 9 4 4 4 4 9 4 4 4 4 9 4 4 4 4 9 4 4 4 4 9 4 4 4
4 9 4 4 4 4 9 4 4 4 4 9 4 4 4 4 9 4 4 4 4 9 4 4 4 4 9 4 4 4 4 9 4 4 4 4 9 4 4 4 4 9 4 4 4 4 9 4 4 4 4 9 4 4 4 4 9 4 4 4 4 9 4 4 4 4 9 4 4 4 4 9 4 4 4 4 9 4 4 4 4 9 4 4 4 4 9 4 4 4 4 9 4 4 4 4 9 4 4 4 4 9 4 4 4 4 9 4 4 4 4 9 4 4 4 4 9 4 4 4 4 9 4 4 4 4 9 4 4 4 4 9 4 4 4 4 9 4 4 4 4 9 4 4 4 4 9 4 4 4
4 9 4 4 4 4 9 4 4 4 4 9 4 4 4 4 9 4 4 4 4 9 4 4 4 4 9 4 4 4 4 9 4 4 4 4 9 4 4 4 4 9 4 4 4 4 9 4 4 4 4 9 4 4 4 4 9 4 4 4 4 9 4 4 4 4 9 4 4 4 4 9 4 4 4 4 9 4 4 4 4 9 4 4 4 4 9 4 4 4 4 9 4 4 4 4 9 4 4 4 4 9 4 4 4 4 9 4 4 4 4 9 4 4 4 4 9 4 4 4 4 9 4 4 4 4 9 4 4 4 4 9 4 4 4 4 9 4 4 4 4 9 4 4 4 4 9 4 4 4
4 9 4 4 4 4 9 4 4 4 4 9 4 4 4 4 9 4 4 4 4 9 4 4 4 4 9 4 4 4 4 9 4 4 4 4 9 4 4 4 4 9 4 4 4 4 9 4 4 4 4 9 4 4 4 4 9 4 4 4 4 9 4 4 4 4 9 4 4 4 4 9 4 4 4 4 9 4 4 4 4 9 4 4 4 4 9 4 4 4 4 9 4 4 4 4 9 4 4 4 4 9 4 4 4 4 9 4 4 4 4 9 4 4 4 4 9 4 4 4 4 9 4 4 4 4 9 4 4 4 4 9 4 4 4 4 9 4 4 4 4 9 4 4 4 4 9 4 4 4
4 9 4 4 4 4 9 4 4 4 4 9 4 4 4 4 9 4 4 4 4 9 4 4 4 4 9 4 4 4 4 9 4 4 4 4 9 4 4 4 4 9 4 4 4 4 9 4 4 4 4 9 4 4 4 4 9 4 4 4 4 9 4 4 4 4 9 4 4 4 4 9 4 4 4 4 9 4 4 4 4 9 4 4 4 4 9 4 4 4 4 9 4 4 4 4 9 4 4 4 4 9 4 4 4 4 9 4 4 4 4 9 4 4 4 4 9 4 4 4 4 9 4 4 4 4 9 4 4 4 4 9 4 4 4 4 9 4 4 4 4 9 4 4 4 4 9 4 4 44 9 4 4 4 4 9 4 4 4 4 9 4 4 4 4 9 4 4 4 4 9 4 4 4 4 9 4 4 4 4 9 4 4 4 4 9 4 4 4 4 9 4 4 4 4 9 4 4 4
4 9 4 4 4 4 9 4 4 4 4 9 4 4 4 4 9 4 4 4 4 9 4 4 4 4 9 4 4 4 4 9 4 4 4 4 9 4 4 4 4 9 4 4 4 4 9 4 4 4 4 9 4 4 4 4 9 4 4 4 4 9 4 4 4 4 9 4 4 4 4 9 4 4 4 4 9 4 4 4 4 9 4 4 4 4 9 4 4 4 4 9 4 4 4 4 9 4 4 4 4 9 4 4 4 4 9 4 4 4 4 9 4 4 4 4 9 4 4 4 4 9 4 4 4 4 9 4 4 4 4 9 4 4 4 4 9 4 4 4 4 9 4 4 4 4 9 4 4 4
4 9 4 4 4 4 9 4 4 4 4 9 4 4 4 4 9 4 4 4 4 9 4 4 4 4 9 4 4 4 4 9 4 4 4 4 9 4 4 4 4 9 4 4 4 4 9 4 4 4 4 9 4 4 4 4 9 4 4 4 4 9 4 4 4 4 9 4 4 4 4 9 4 4 4 4 9 4 4 4 4 9 4 4 4 4 9 4 4 4 4 9 4 4 4 4 9 4 4 4 4 9 4 4 4 4 9 4 4 4 4 9 4 4 4 4 9 4 4 4 4 9 4 4 4 4 9 4 4 4 4 9 4 4 4 4 9 4 4 4 4 9 4 4 4 4 9 4 4 4
4 9 4 4 4 4 9 4 4 4 4 9 4 4 4 4 9 4 4 4 4 9 4 4 4 4 9 4 4 4 4 9 4 4 4 4 9 4 4 4 4 9 4 4 4 4 9 4 4 4 4 9 4 4 4 4 9 4 4 4 4 9 4 4 4 4 9 4 4 4 4 9 4 4 4 4 9 4 4 4 4 9 4 4 4 4 9 4 4 4 4 9 4 4 4 4 9 4 4 4 4 9 4 4 4 4 9 4 4 4 4 9 4 4 4 4 9 4 4 4 4 9 4 4 4 4 9 4 4 4 4 9 4 4 4 4 9 4 4 4 4 9 4 4 4 4 9 4 4 4
4 9 4 4 4 4 9 4 4 4 4 9 4 4 4 4 9 4 4 4 4 9 4 4 4 4 9 4 4 4 4 9 4 4 4 4 9 4 4 4 4 9 4 4 4 4 9 4 4 4 4 9 4 4 4 4 9 4 4 4 4 9 4 4 4 4 9 4 4 4 4 9 4 4 4 4 9 4 4 4 4 9 4 4 4 4 9 4 4 4 4 9 4 4 4 4 9 4 4 4 4 9 4 4 4 4 9 4 4 4 4 9 4 4 4 4 9 4 4 4 4 9 4 4 4 4 9 4 4 4 4 9 4 4 4 4 9 4 4 4 4 9 4 4 4 4 9 4 4 4
4 9 4 4 4 4 9 4 4 4 4 9 4 4 4 4 9 4 4 4 4 9 4 4 4 4 9 4 4 4 4 9 4 4 4 4 9 4 4 4 4 9 4 4 4 4 9 4 4 4 4 9 4 4 4 4 9 4 4 4 4 9 4 4 4 4 9 4 4 4 4 9 4 4 4 4 9 4 4 4 4 9 4 4 4 4 9 4 4 4 4 9 4 4 4 4 9 4 4 4 4 9 4 4 4 4 9 4 4 4 4 9 4 4 4 4 9 4 4 4 4 9 4 4 4 4 9 4 4 4 4 9 4 4 4 4 9 4 4 4 4 9 4 4 4 4 9 4 4 4
4 9 4 4 4 4 9 4 4 4 4 9 4 4 4 4 9 4 4 4 4 9 4 4 4 4 9 4 4 4 4 9 4 4 4 4 9 4 4 4 4 9 4 4 4 4 9 4 4 4 4 9 4 4 4 4 9 4 4 4 4 9 4 4 4 4 9 4 4 4 4 9 4 4 4 4 9 4 4 4 4 9 4 4 4 4 9 4 4 4 4 9 4 4 4 4 9 4 4 4 4 9 4 4 4 4 9 4 4 4 4 9 4 4 4 4 9 4 4 4 4 9 4 4 4 4 9 4 4 4 4 9 4 4 4 4 9 4 4 4 4 9 4 4 4 4 9 4 4 44 9 4 4 4 4 9 4 4 4 4 9 4 4 4 4 9 4 4 4 4 9 4 4 4 4 9 4 4 4 4 9 4 4 4 4 9 4 4 4 4 9 4 4 4 4 9 4 4 4
4 9 4 4 4 4 9 4 4 4 4 9 4 4 4 4 9 4 4 4 4 9 4 4 4 4 9 4 4 4 4 9 4 4 4 4 9 4 4 4 4 9 4 4 4 4 9 4 4 4 4 9 4 4 4 4 9 4 4 4 4 9 4 4 4 4 9 4 4 4 4 9 4 4 4 4 9 4 4 4 4 9 4 4 4 4 9 4 4 4 4 9 4 4 4 4 9 4 4 4 4 9 4 4 4 4 9 4 4 4 4 9 4 4 4 4 9 4 4 4 4 9 4 4 4 4 9 4 4 4 4 9 4 4 4 4 9 4 4 4 4 9 4 4 4 4 9 4 4 4
4 9 4 4 4 4 9 4 4 4 4 9 4 4 4 4 9 4 4 4 4 9 4 4 4 4 9 4 4 4 4 9 4 4 4 4 9 4 4 4 4 9 4 4 4 4 9 4 4 4 4 9 4 4 4 4 9 4 4 4 4 9 4 4 4 4 9 4 4 4 4 9 4 4 4 4 9 4 4 4 4 9 4 4 4 4 9 4 4 4 4 9 4 4 4 4 9 4 4 4 4 9 4 4 4 4 9 4 4 4 4 9 4 4 4 4 9 4 4 4 4 9 4 4 4 4 9 4 4 4 4 9 4 4 4 4 9 4 4 4 4 9 4 4 4 4 9 4 4 4
4 9 4 4 4 4 9 4 4 4 4 9 4 4 4 4 9 4 4 4 4 9 4 4 4 4 9 4 4 4 4 9 4 4 4 4 9 4 4 4 4 9 4 4 4 4 9 4 4 4 4 9 4 4 4 4 9 4 4 4 4 9 4 4 4 4 9 4 4 4 4 9 4 4 4 4 9 4 4 4 4 9 4 4 4 4 9 4 4 4 4 9 4 4 4 4 9 4 4 4 4 9 4 4 4 4 9 4 4 4 4 9 4 4 4 4 9 4 4 4 4 9 4 4 4 4 9 4 4 4 4 9 4 4 4 4 9 4 4 4 4 9 4 4 4 4 9 4 4 4
4 9 4 4 4 4 9 4 4 4 4 9 4 4 4 4 9 4 4 4 4 9 4 4 4 4 9 4 4 4 4 9 4 4 4 4 9 4 4 4 4 9 4 4 4 4 9 4 4 4 4 9 4 4 4 4 9 4 4 4 4 9 4 4 4 4 9 4 4 4 4 9 4 4 4 4 9 4 4 4 4 9 4 4 4 4 9 4 4 4 4 9 4 4 4 4 9 4 4 4 4 9 4 4 4 4 9 4 4 4 4 9 4 4 4 4 9 4 4 4 4 9 4 4 4 4 9 4 4 4 4 9 4 4 4 4 9 4 4 4 4 9 4 4 4 4 9 4 4 4
4 9 4 4 4 4 9 4 4 4 4 9 4 4 4 4 9 4 4 4 4 9 4 4 4 4 9 4 4 4 4 9 4 4 4 4 9 4 4 4 4 9 4 4 4 4 9 4 4 4 4 9 4 4 4 4 9 4 4 4 4 9 4 4 4 4 9 4 4 4 4 9 4 4 4 4 9 4 4 4 4 9 4 4 4 4 9 4 4 4 4 9 4 4 4 4 9 4 4 4 4 9 4 4 4 4 9 4 4 4 4 9 4 4 4 4 9 4 4 4 4 9 4 4 4 4 9 4 4 4 4 9 4 4 4 4 9 4 4 4 4 9 4 4 4 4 9 4 4 4
4 9 4 4 4 4 9 4 4 4 4 9 4 4 4 4 9 4 4 4 4 9 4 4 4 4 9 4 4 4 4 9 4 4 4 4 9 4 4 4 4 9 4 4 4 4 9 4 4 4 4 9 4 4 4 4 9 4 4 4 4 9 4 4 4 4 9 4 4 4 4 9 4 4 4 4 9 4 4 4 4 9 4 4 4 4 9 4 4 4 4 9 4 4 4 4 9 4 4 4 4 9 4 4 4 4 9 4 4 4 4 9 4 4 4 4 9 4 4 4 4 9 4 4 4 4 9 4 4 4 4 9 4 4 4 4 9 4 4 4 4 9 4 4 4 4 9 4 4 44 9 4 4 4 4 9 4 4 4 4 9 4 4 4 4 9 4 4 4 4 9 4 4 4 4 9 4 4 4 4 9 4 4 4 4 9 4 4 4 4 9 4 4 4 4 9 4 4 4
4 9 4 4 4 4 9 4 4 4 4 9 4 4 4 4 9 4 4 4 4 9 4 4 4 4 9 4 4 4 4 9 4 4 4 4 9 4 4 4 4 9 4 4 4 4 9 4 4 4 4 9 4 4 4 4 9 4 4 4 4 9 4 4 4 4 9 4 4 4 4 9 4 4 4 4 9 4 4 4 4 9 4 4 4 4 9 4 4 4 4 9 4 4 4 4 9 4 4 4 4 9 4 4 4 4 9 4 4 4 4 9 4 4 4 4 9 4 4 4 4 9 4 4 4 4 9 4 4 4 4 9 4 4 4 4 9 4 4 4 4 9 4 4 4 4 9 4 4 4
4 9 4 4 4 4 9 4 4 4 4 9 4 4 4 4 9 4 4 4 4 9 4 4 4 4 9 4 4 4 4 9 4 4 4 4 9 4 4 4 4 9 4 4 4 4 9 4 4 4 4 9 4 4 4 4 9 4 4 4 4 9 4 4 4 4 9 4 4 4 4 9 4 4 4 4 9 4 4 4 4 9 4 4 4 4 9 4 4 4 4 9 4 4 4 4 9 4 4 4 4 9 4 4 4 4 9 4 4 4 4 9 4 4 4 4 9 4 4 4 4 9 4 4 4 4 9 4 4 4 4 9 4 4 4 4 9 4 4 4 4 9 4 4 4 4 9 4 4 4
4 9 4 4 4 4 9 4 4 4 4 9 4 4 4 4 9 4 4 4 4 9 4 4 4 4 9 4 4 4 4 9 4 4 4 4 9 4 4 4 4 9 4 4 4 4 9 4 4 4 4 9 4 4 4 4 9 4 4 4 4 9 4 4 4 4 9 4 4 4 4 9 4 4 4 4 9 4 4 4 4 9 4 4 4 4 9 4 4 4 4 9 4 4 4 4 9 4 4 4 4 9 4 4 4 4 9 4 4 4 4 9 4 4 4 4 9 4 4 4 4 9 4 4 4 4 9 4 4 4 4 9 4 4 4 4 9 4 4 4 4 9 4 4 4 4 9 4 4 4
4 9 4 4 4 4 9 4 4 4 4 9 4 4 4 4 9 4 4 4 4 9 4 4 4 4 9 4 4 4 4 9 4 4 4 4 9 4 4 4 4 9 4 4 4 4 9 4 4 4 4 9 4 4 4 4 9 4 4 4 4 9 4 4 4 4 9 4 4 4 4 9 4 4 4 4 9 4 4 4 4 9 4 4 4 4 9 4 4 4 4 9 4 4 4 4 9 4 4 4 4 9 4 4 4 4 9 4 4 4 4 9 4 4 4 4 9 4 4 4 4 9 4 4 4 4 9 4 4 4 4 9 4 4 4 4 9 4 4 4 4 9 4 4 4 4 9 4 4 4
4 9 4 4 4 4 9 4 4 4 4 9 4 4 4 4 9 4 4 4 4 9 4 4 4 4 9 4 4 4 4 9 4 4 4 4 9 4 4 4 4 9 4 4 4 4 9 4 4 4 4 9 4 4 4 4 9 4 4 4 4 9 4 4 4 4 9 4 4 4 4 9 4 4 4 4 9 4 4 4 4 9 4 4 4 4 9 4 4 4 4 9 4 4 4 4 9 4 4 4 4 9 4 4 4 4 9 4 4 4 4 9 4 4 4 4 9 4 4 4 4 9 4 4 4 4 9 4 4 4 4 9 4 4 4 4 9 4 4 4 4 9 4 4 4 4 9 4 4 4
4 9 4 4 4 4 9 4 4 4 4 9 4 4 4 4 9 4 4 4 4 9 4 4 4 4 9 4 4 4 4 9 4 4 4 4 9 4 4 4 4 9 4 4 4 4 9 4 4 4 4 9 4 4 4 4 9 4 4 4 4 9 4 4 4 4 9 4 4 4 4 9 4 4 4 4 9 4 4 4 4 9 4 4 4 4 9 4 4 4 4 9 4 4 4 4 9 4 4 4 4 9 4 4 4 4 9 4 4 4 4 9 4 4 4 4 9 4 4 4 4 9 4 4 4 4 9 4 4 4 4 9 4 4 4 4 9 4 4 4 4 9 4 4 4 4 9 4 4 44 9 4 4 4 4 9 4 4 4 4 9 4 4 4 4 9 4 4 4 4 9 4 4 4 4 9 4 4 4 4 9 4 4 4 4 9 4 4 4 4 9 4 4 4 4 9 4 4 4
4 9 4 4 4 4 9 4 4 4 4 9 4 4 4 4 9 4 4 4 4 9 4 4 4 4 9 4 4 4 4 9 4 4 4 4 9 4 4 4 4 9 4 4 4 4 9 4 4 4 4 9 4 4 4 4 9 4 4 4 4 9 4 4 4 4 9 4 4 4 4 9 4 4 4 4 9 4 4 4 4 9 4 4 4 4 9 4 4 4 4 9 4 4 4 4 9 4 4 4 4 9 4 4 4 4 9 4 4 4 4 9 4 4 4 4 9 4 4 4 4 9 4 4 4 4 9 4 4 4 4 9 4 4 4 4 9 4 4 4 4 9 4 4 4 4 9 4 4 4
4 9 4 4 4 4 9 4 4 4 4 9 4 4 4 4 9 4 4 4 4 9 4 4 4 4 9 4 4 4 4 9 4 4 4 4 9 4 4 4 4 9 4 4 4 4 9 4 4 4 4 9 4 4 4 4 9 4 4 4 4 9 4 4 4 4 9 4 4 4 4 9 4 4 4 4 9 4 4 4 4 9 4 4 4 4 9 4 4 4 4 9 4 4 4 4 9 4 4 4 4 9 4 4 4 4 9 4 4 4 4 9 4 4 4 4 9 4 4 4 4 9 4 4 4 4 9 4 4 4 4 9 4 4 4 4 9 4 4 4 4 9 4 4 4 4 9 4 4 4
4 9 4 4 4 4 9 4 4 4 4 9 4 4 4 4 9 4 4 4 4 9 4 4 4 4 9 4 4 4 4 9 4 4 4 4 9 4 4 4 4 9 4 4 4 4 9 4 4 4 4 9 4 4 4 4 9 4 4 4 4 9 4 4 4 4 9 4 4 4 4 9 4 4 4 4 9 4 4 4 4 9 4 4 4 4 9 4 4 4 4 9 4 4 4 4 9 4 4 4 4 9 4 4 4 4 9 4 4 4 4 9 4 4 4 4 9 4 4 4 4 9 4 4 4 4 9 4 4 4 4 9 4 4 4 4 9 4 4 4 4 9 4 4 4 4 9 4 4 4
4 9 4 4 4 4 9 4 4 4 4 9 4 4 4 4 9 4 4 4 4 9 4 4 4 4 9 4 4 4 4 9 4 4 4 4 9 4 4 4 4 9 4 4 4 4 9 4 4 4 4 9 4 4 4 4 9 4 4 4 4 9 4 4 4 4 9 4 4 4 4 9 4 4 4 4 9 4 4 4 4 9 4 4 4 4 9 4 4 4 4 9 4 4 4 4 9 4 4 4 4 9 4 4 4 4 9 4 4 4 4 9 4 4 4 4 9 4 4 4 4 9 4 4 4 4 9 4 4 4 4 9 4 4 4 4 9 4 4 4 4 9 4 4 4 4 9 4 4 4
4 9 4 4 4 4 9 4 4 4 4 9 4 4 4 4 9 4 4 4 4 9 4 4 4 4 9 4 4 4 4 9 4 4 4 4 9 4 4 4 4 9 4 4 4 4 9 4 4 4 4 9 4 4 4 4 9 4 4 4 4 9 4 4 4 4 9 4 4 4 4 9 4 4 4 4 9 4 4 4 4 9 4 4 4 4 9 4 4 4 4 9 4 4 4 4 9 4 4 4 4 9 4 4 4 4 9 4 4 4 4 9 4 4 4 4 9 4 4 4 4 9 4 4 4 4 9 4 4 4 4 9 4 4 4 4 9 4 4 4 4 9 4 4 4 4 9 4 4 4
4 9 4 4 4 4 9 4 4 4 4 9 4 4 4 4 9 4 4 4 4 9 4 4 4 4 9 4 4 4 4 9 4 4 4 4 9 4 4 4 4 9 4 4 4 4 9 4 4 4 4 9 4 4 4 4 9 4 4 4 4 9 4 4 4 4 9 4 4 4 4 9 4 4 4 4 9 4 4 4 4 9 4 4 4 4 9 4 4 4 4 9 4 4 4 4 9 4 4 4 4 9 4 4 4 4 9 4 4 4 4 9 4 4 4 4 9 4 4 4 4 9 4 4 4 4 9 4 4 4 4 9 4 4 4 4 9 4 4 4 4 9 4 4 4 4 9 4 4 44 9 4 4 4 4 9 4 4 4 4 9 4 4 4 4 9 4 4 4 4 9 4 4 4 4 9 4 4 4 4 9 4 4 4 4 9 4 4 4 4 9 4 4 4 4 9 4 4 4
4 9 4 4 4 4 9 4 4 4 4 9 4 4 4 4 9 4 4 4 4 9 4 4 4 4 9 4 4 4 4 9 4 4 4 4 9 4 4 4 4 9 4 4 4 4 9 4 4 4 4 9 4 4 4 4 9 4 4 4 4 9 4 4 4 4 9 4 4 4 4 9 4 4 4 4 9 4 4 4 4 9 4 4 4 4 9 4 4 4 4 9 4 4 4 4 9 4 4 4 4 9 4 4 4 4 9 4 4 4 4 9 4 4 4 4 9 4 4 4 4 9 4 4 4 4 9 4 4 4 4 9 4 4 4 4 9 4 4 4 4 9 4 4 4 4 9 4 4 4
4 9 4 4 4 4 9 4 4 4 4 9 4 4 4 4 9 4 4 4 4 9 4 4 4 4 9 4 4 4 4 9 4 4 4 4 9 4 4 4 4 9 4 4 4 4 9 4 4 4 4 9 4 4 4 4 9 4 4 4 4 9 4 4 4 4 9 4 4 4 4 9 4 4 4 4 9 4 4 4 4 9 4 4 4 4 9 4 4 4 4 9 4 4 4 4 9 4 4 4 4 9 4 4 4 4 9 4 4 4 4 9 4 4 4 4 9 4 4 4 4 9 4 4 4 4 9 4 4 4 4 9 4 4 4 4 9 4 4 4 4 9 4 4 4 4 9 4 4 4
4 9 4 4 4 4 9 4 4 4 4 9 4 4 4 4 9 4 4 4 4 9 4 4 4 4 9 4 4 4 4 9 4 4 4 4 9 4 4 4 4 9 4 4 4 4 9 4 4 4 4 9 4 4 4 4 9 4 4 4 4 9 4 4 4 4 9 4 4 4 4 9 4 4 4 4 9 4 4 4 4 9 4 4 4 4 9 4 4 4 4 9 4 4 4 4 9 4 4 4 4 9 4 4 4 4 9 4 4 4 4 9 4 4 4 4 9 4 4 4 4 9 4 4 4 4 9 4 4 4 4 9 4 4 4 4 9 4 4 4 4 9 4 4 4 4 9 4 4 4
4 9 4 4 4 4 9 4 4 4 4 9 4 4 4 4 9 4 4 4 4 9 4 4 4 4 9 4 4 4 4 9 4 4 4 4 9 4 4 4 4 9 4 4 4 4 9 4 4 4 4 9 4 4 4 4 9 4 4 4 4 9 4 4 4 4 9 4 4 4 4 9 4 4 4 4 9 4 4 4 4 9 4 4 4 4 9 4 4 4 4 9 4 4 4 4 9 4 4 4 4 9 4 4 4 4 9 4 4 4 4 9 4 4 4 4 9 4 4 4 4 9 4 4 4 4 9 4 4 4 4 9 4 4 4 4 9 4 4 4 4 9 4 4 4 4 9 4 4 4
4 9 4 4 4 4 9 4 4 4 4 9 4 4 4 4 9 4 4 4 4 9 4 4 4 4 9 4 4 4 4 9 4 4 4 4 9 4 4 4 4 9 4 4 4 4 9 4 4 4 4 9 4 4 4 4 9 4 4 4 4 9 4 4 4 4 9 4 4 4 4 9 4 4 4 4 9 4 4 4 4 9 4 4 4 4 9 4 4 4 4 9 4 4 4 4 9 4 4 4 4 9 4 4 4 4 9 4 4 4 4 9 4 4 4 4 9 4 4 4 4 9 4 4 4 4 9 4 4 4 4 9 4 4 4 4 9 4 4 4 4 9 4 4 4 4 9 4 4 4
4 9 4 4 4 4 9 4 4 4 4 9 4 4 4 4 9 4 4 4 4 9 4 4 4 4 9 4 4 4 4 9 4 4 4 4 9 4 4 4 4 9 4 4 4 4 9 4 4 4 4 9 4 4 4 4 9 4 4 4 4 9 4 4 4 4 9 4 4 4 4 9 4 4 4 4 9 4 4 4 4 9 4 4 4 4 9 4 4 4 4 9 4 4 4 4 9 4 4 4 4 9 4 4 4 4 9 4 4 4 4 9 4 4 4 4 9 4 4 4 4 9 4 4 4 4 9 4 4 4 4 9 4 4 4 4 9 4 4 4 4 9 4 4 4 4 9 4 4 44 9 4 4 4 4 9 4 4 4 4 9 4 4 4 4 9 4 4 4 4 9 4 4 4 4 9 4 4 4 4 9 4 4 4 4 9 4 4 4 4 9 4 4 4 4 9 4 4 4
4 9 4 4 4 4 9 4 4 4 4 9 4 4 4 4 9 4 4 4 4 9 4 4 4 4 9 4 4 4 4 9 4 4 4 4 9 4 4 4 4 9 4 4 4 4 9 4 4 4 4 9 4 4 4 4 9 4 4 4 4 9 4 4 4 4 9 4 4 4 4 9 4 4 4 4 9 4 4 4 4 9 4 4 4 4 9 4 4 4 4 9 4 4 4 4 9 4 4 4 4 9 4 4 4 4 9 4 4 4 4 9 4 4 4 4 9 4 4 4 4 9 4 4 4 4 9 4 4 4 4 9 4 4 4 4 9 4 4 4 4 9 4 4 4 4 9 4 4 4
4 9 4 4 4 4 9 4 4 4 4 9 4 4 4 4 9 4 4 4 4 9 4 4 4 4 9 4 4 4 4 9 4 4 4 4 9 4 4 4 4 9 4 4 4 4 9 4 4 4 4 9 4 4 4 4 9 4 4 4 4 9 4 4 4 4 9 4 4 4 4 9 4 4 4 4 9 4 4 4 4 9 4 4 4 4 9 4 4 4 4 9 4 4 4 4 9 4 4 4 4 9 4 4 4 4 9 4 4 4 4 9 4 4 4 4 9 4 4 4 4 9 4 4 4 4 9 4 4 4 4 9 4 4 4 4 9 4 4 4 4 9 4 4 4 4 9 4 4 4
4 9 4 4 4 4 9 4 4 4 4 9 4 4 4 4 9 4 4 4 4 9 4 4 4 4 9 4 4 4 4 9 4 4 4 4 9 4 4 4 4 9 4 4 4 4 9 4 4 4 4 9 4 4 4 4 9 4 4 4 4 9 4 4 4 4 9 4 4 4 4 9 4 4 4 4 9 4 4 4 4 9 4 4 4 4 9 4 4 4 4 9 4 4 4 4 9 4 4 4 4 9 4 4 4 4 9 4 4 4 4 9 4 4 4 4 9 4 4 4 4 9 4 4 4 4 9 4 4 4 4 9 4 4 4 4 9 4 4 4 4 9 4 4 4 4 9 4 4 4
4 9 4 4 4 4 9 4 4 4 4 9 4 4 4 4 9 4 4 4 4 9 4 4 4 4 9 4 4 4 4 9 4 4 4 4 9 4 4 4 4 9 4 4 4 4 9 4 4 4 4 9 4 4 4 4 9 4 4 4 4 9 4 4 4 4 9 4 4 4 4 9 4 4 4 4 9 4 4 4 4 9 4 4 4 4 9 4 4 4 4 9 4 4 4 4 9 4 4 4 4 9 4 4 4 4 9 4 4 4 4 9 4 4 4 4 9 4 4 4 4 9 4 4 4 4 9 4 4 4 4 9 4 4 4 4 9 4 4 4 4 9 4 4 4 4 9 4 4 4
4 9 4 4 4 4 9 4 4 4 4 9 4 4 4 4 9 4 4 4 4 9 4 4 4 4 9 4 4 4 4 9 4 4 4 4 9 4 4 4 4 9 4 4 4 4 9 4 4 4 4 9 4 4 4 4 9 4 4 4 4 9 4 4 4 4 9 4 4 4 4 9 4 4 4 4 9 4 4 4 4 9 4 4 4 4 9 4 4 4 4 9 4 4 4 4 9 4 4 4 4 9 4 4 4 4 9 4 4 4 4 9 4 4 4 4 9 4 4 4 4 9 4 4 4 4 9 4 4 4 4 9 4 4 4 4 9 4 4 4 4 9 4 4 4 4 9 4 4 4
4 9 4 4 4 4 9 4 4 4 4 9 4 4 4 4 9 4 4 4 4 9 4 4 4 4 9 4 4 4 4 9 4 4 4 4 9 4 4 4 4 9 4 4 4 4 9 4 4 4 4 9 4 4 4 4 9 4 4 4 4 9 4 4 4 4 9 4 4 4 4 9 4 4 4 4 9 4 4 4 4 9 4 4 4 4 9 4 4 4 4 9 4 4 4 4 9 4 4 4 4 9 4 4 4 4 9 4 4 4 4 9 4 4 4 4 9 4 4 4 4 9 4 4 4 4 9 4 4 4 4 9 4 4 4 4 9 4 4 4 4 9 4 4 4 4 9 4 4 44 9 4 4 4 4 9 4 4 4 4 9 4 4 4 4 9 4 4 4 4 9 4 4 4 4 9 4 4 4 4 9 4 4 4 4 9 4 4 4 4 9 4 4 4 4 9 4 4 4
4 9 4 4 4 4 9 4 4 4 4 9 4 4 4 4 9 4 4 4 4 9 4 4 4 4 9 4 4 4 4 9 4 4 4 4 9 4 4 4 4 9 4 4 4 4 9 4 4 4 4 9 4 4 4 4 9 4 4 4 4 9 4 4 4 4 9 4 4 4 4 9 4 4 4 4 9 4 4 4 4 9 4 4 4 4 9 4 4 4 4 9 4 4 4 4 9 4 4 4 4 9 4 4 4 4 9 4 4 4 4 9 4 4 4 4 9 4 4 4 4 9 4 4 4 4 9 4 4 4 4 9 4 4 4 4 9 4 4 4 4 9 4 4 4 4 9 4 4 4
4 9 4 4 4 4 9 4 4 4 4 9 4 4 4 4 9 4 4 4 4 9 4 4 4 4 9 4 4 4 4 9 4 4 4 4 9 4 4 4 4 9 4 4 4 4 9 4 4 4 4 9 4 4 4 4 9 4 4 4 4 9 4 4 4 4 9 4 4 4 4 9 4 4 4 4 9 4 4 4 4 9 4 4 4 4 9 4 4 4 4 9 4 4 4 4 9 4 4 4 4 9 4 4 4 4 9 4 4 4 4 9 4 4 4 4 9 4 4 4 4 9 4 4 4 4 9 4 4 4 4 9 4 4 4 4 9 4 4 4 4 9 4 4 4 4 9 4 4 4
4 9 4 4 4 4 9 4 4 4 4 9 4 4 4 4 9 4 4 4 4 9 4 4 4 4 9 4 4 4 4 9 4 4 4 4 9 4 4 4 4 9 4 4 4 4 9 4 4 4 4 9 4 4 4 4 9 4 4 4 4 9 4 4 4 4 9 4 4 4 4 9 4 4 4 4 9 4 4 4 4 9 4 4 4 4 9 4 4 4 4 9 4 4 4 4 9 4 4 4 4 9 4 4 4 4 9 4 4 4 4 9 4 4 4 4 9 4 4 4 4 9 4 4 4 4 9 4 4 4 4 9 4 4 4 4 9 4 4 4 4 9 4 4 4 4 9 4 4 4
4 9 4 4 4 4 9 4 4 4 4 9 4 4 4 4 9 4 4 4 4 9 4 4 4 4 9 4 4 4 4 9 4 4 4 4 9 4 4 4 4 9 4 4 4 4 9 4 4 4 4 9 4 4 4 4 9 4 4 4 4 9 4 4 4 4 9 4 4 4 4 9 4 4 4 4 9 4 4 4 4 9 4 4 4 4 9 4 4 4 4 9 4 4 4 4 9 4 4 4 4 9 4 4 4 4 9 4 4 4 4 9 4 4 4 4 9 4 4 4 4 9 4 4 4 4 9 4 4 4 4 9 4 4 4 4 9 4 4 4 4 9 4 4 4 4 9 4 4 4
4 9 4 4 4 4 9 4 4 4 4 9 4 4 4 4 9 4 4 4 4 9 4 4 4 4 9 4 4 4 4 9 4 4 4 4 9 4 4 4 4 9 4 4 4 4 9 4 4 4 4 9 4 4 4 4 9 4 4 4 4 9 4 4 4 4 9 4 4 4 4 9 4 4 4 4 9 4 4 4 4 9 4 4 4 4 9 4 4 4 4 9 4 4 4 4 9 4 4 4 4 9 4 4 4 4 9 4 4 4 4 9 4 4 4 4 9 4 4 4 4 9 4 4 4 4 9 4 4 4 4 9 4 4 4 4 9 4 4 4 4 9 4 4 4 4 9 4 4 4
4 9 4 4 4 4 9 4 4 4 4 9 4 4 4 4 9 4 4 4 4 9 4 4 4 4 9 4 4 4 4 9 4 4 4 4 9 4 4 4 4 9 4 4 4 4 9 4 4 4 4 9 4 4 4 4 9 4 4 4 4 9 4 4 4 4 9 4 4 4 4 9 4 4 4 4 9 4 4 4 4 9 4 4 4 4 9 4 4 4 4 9 4 4 4 4 9 4 4 4 4 9 4 4 4 4 9 4 4 4 4 9 4 4 4 4 9 4 4 4 4 9 4 4 4 4 9 4 4 4 4 9 4 4 4 4 9 4 4 4 4 9 4 4 4 4 9 4 4 44 9 4 4 4 4 9 4 4 4 4 9 4 4 4 4 9 4 4 4 4 9 4 4 4 4 9 4 4 4 4 9 4 4 4 4 9 4 4 4 4 9 4 4 4 4 9 4 4 4
4 9 4 4 4 4 9 4 4 4 4 9 4 4 4 4 9 4 4 4 4 9 4 4 4 4 9 4 4 4 4 9 4 4 4 4 9 4 4 4 4 9 4 4 4 4 9 4 4 4 4 9 4 4 4 4 9 4 4 4 4 9 4 4 4 4 9 4 4 4 4 9 4 4 4 4 9 4 4 4 4 9 4 4 4 4 9 4 4 4 4 9 4 4 4 4 9 4 4 4 4 9 4 4 4 4 9 4 4 4 4 9 4 4 4 4 9 4 4 4 4 9 4 4 4 4 9 4 4 4 4 9 4 4 4 4 9 4 4 4 4 9 4 4 4 4 9 4 4 4
4 9 4 4 4 4 9 4 4 4 4 9 4 4 4 4 9 4 4 4 4 9 4 4 4 4 9 4 4 4 4 9 4 4 4 4 9 4 4 4 4 9 4 4 4 4 9 4 4 4 4 9 4 4 4 4 9 4 4 4 4 9 4 4 4 4 9 4 4 4 4 9 4 4 4 4 9 4 4 4 4 9 4 4 4 4 9 4 4 4 4 9 4 4 4 4 9 4 4 4 4 9 4 4 4 4 9 4 4 4 4 9 4 4 4 4 9 4 4 4 4 9 4 4 4 4 9 4 4 4 4 9 4 4 4 4 9 4 4 4 4 9 4 4 4 4 9 4 4 4
4 9 4 4 4 4 9 4 4 4 4 9 4 4 4 4 9 4 4 4 4 9 4 4 4 4 9 4 4 4 4 9 4 4 4 4 9 4 4 4 4 9 4 4 4 4 9 4 4 4 4 9 4 4 4 4 9 4 4 4 4 9 4 4 4 4 9 4 4 4 4 9 4 4 4 4 9 4 4 4 4 9 4 4 4 4 9 4 4 4 4 9 4 4 4 4 9 4 4 4 4 9 4 4 4 4 9 4 4 4 4 9 4 4 4 4 9 4 4 4 4 9 4 4 4 4 9 4 4 4 4 9 4 4 4 4 9 4 4 4 4 9 4 4 4 4 9 4 4 4
4 9 4 4 4 4 9 4 4 4 4 9 4 4 4 4 9 4 4 4 4 9 4 4 4 4 9 4 4 4 4 9 4 4 4 4 9 4 4 4 4 9 4 4 4 4 9 4 4 4 4 9 4 4 4 4 9 4 4 4 4 9 4 4 4 4 9 4 4 4 4 9 4 4 4 4 9 4 4 4 4 9 4 4 4 4 9 4 4 4 4 9 4 4 4 4 9 4 4 4 4 9 4 4 4 4 9 4 4 4 4 9 4 4 4 4 9 4 4 4 4 9 4 4 4 4 9 4 4 4 4 9 4 4 4 4 9 4 4 4 4 9 4 4 4 4 9 4 4 4
4 9 4 4 4 4 9 4 4 4 4 9 4 4 4 4 9 4 4 4 4 9 4 4 4 4 9 4 4 4 4 9 4 4 4 4 9 4 4 4 4 9 4 4 4 4 9 4 4 4 4 9 4 4 4 4 9 4 4 4 4 9 4 4 4 4 9 4 4 4 4 9 4 4 4 4 9 4 4 4 4 9 4 4 4 4 9 4 4 4 4 9 4 4 4 4 9 4 4 4 4 9 4 4 4 4 9 4 4 4 4 9 4 4 4 4 9 4 4 4 4 9 4 4 4 4 9 4 4 4 4 9 4 4 4 4 9 4 4 4 4 9 4 4 4 4 9 4 4 4
4 9 4 4 4 4 9 4 4 4 4 9 4 4 4 4 9 4 4 4 4 9 4 4 4 4 9 4 4 4 4 9 4 4 4 4 9 4 4 4 4 9 4 4 4 4 9 4 4 4 4 9 4 4 4 4 9 4 4 4 4 9 4 4 4 4 9 4 4 4 4 9 4 4 4 4 9 4 4 4 4 9 4 4 4 4 9 4 4 4 4 9 4 4 4 4 9 4 4 4 4 9 4 4 4 4 9 4 4 4 4 9 4 4 4 4 9 4 4 4 4 9 4 4 4 4 9 4 4 4 4 9 4 4 4 4 9 4 4 4 4 9 4 4 4 4 9 4 4 44 9 4 4 4 4 9 4 4 4 4 9 4 4 4 4 9 4 4 4 4 9 4 4 4 4 9 4 4 4 4 9 4 4 4 4 9 4 4 4 4 9 4 4 4 4 9 4 4 4
4 9 4 4 4 4 9 4 4 4 4 9 4 4 4 4 9 4 4 4 4 9 4 4 4 4 9 4 4 4 4 9 4 4 4 4 9 4 4 4 4 9 4 4 4 4 9 4 4 4 4 9 4 4 4 4 9 4 4 4 4 9 4 4 4 4 9 4 4 4 4 9 4 4 4 4 9 4 4 4 4 9 4 4 4 4 9 4 4 4 4 9 4 4 4 4 9 4 4 4 4 9 4 4 4 4 9 4 4 4 4 9 4 4 4 4 9 4 4 4 4 9 4 4 4 4 9 4 4 4 4 9 4 4 4 4 9 4 4 4 4 9 4 4 4 4 9 4 4 4
4 9 4 4 4 4 9 4 4 4 4 9 4 4 4 4 9 4 4 4 4 9 4 4 4 4 9 4 4 4 4 9 4 4 4 4 9 4 4 4 4 9 4 4 4 4 9 4 4 4 4 9 4 4 4 4 9 4 4 4 4 9 4 4 4 4 9 4 4 4 4 9 4 4 4 4 9 4 4 4 4 9 4 4 4 4 9 4 4 4 4 9 4 4 4 4 9 4 4 4 4 9 4 4 4 4 9 4 4 4 4 9 4 4 4 4 9 4 4 4 4 9 4 4 4 4 9 4 4 4 4 9 4 4 4 4 9 4 4 4 4 9 4 4 4 4 9 4 4 4
4 9 4 4 4 4 9 4 4 4 4 9 4 4 4 4 9 4 4 4 4 9 4 4 4 4 9 4 4 4 4 9 4 4 4 4 9 4 4 4 4 9 4 4 4 4 9 4 4 4 4 9 4 4 4 4 9 4 4 4 4 9 4 4 4 4 9 4 4 4 4 9 4 4 4 4 9 4 4 4 4 9 4 4 4 4 9 4 4 4 4 9 4 4 4 4 9 4 4 4 4 9 4 4 4 4 9 4 4 4 4 9 4 4 4 4 9 4 4 4 4 9 4 4 4 4 9 4 4 4 4 9 4 4 4 4 9 4 4 4 4 9 4 4 4 4 9 4 4 4
4 9 4 4 4 4 9 4 4 4 4 9 4 4 4 4 9 4 4 4 4 9 4 4 4 4 9 4 4 4 4 9 4 4 4 4 9 4 4 4 4 9 4 4 4 4 9 4 4 4 4 9 4 4 4 4 9 4 4 4 4 9 4 4 4 4 9 4 4 4 4 9 4 4 4 4 9 4 4 4 4 9 4 4 4 4 9 4 4 4 4 9 4 4 4 4 9 4 4 4 4 9 4 4 4 4 9 4 4 4 4 9 4 4 4 4 9 4 4 4 4 9 4 4 4 4 9 4 4 4 4 9 4 4 4 4 9 4 4 4 4 9 4 4 4 4 9 4 4 4
4 9 4 4 4 4 9 4 4 4 4 9 4 4 4 4 9 4 4 4 4 9 4 4 4 4 9 4 4 4 4 9 4 4 4 4 9 4 4 4 4 9 4 4 4 4 9 4 4 4 4 9 4 4 4 4 9 4 4 4 4 9 4 4 4 4 9 4 4 4 4 9 4 4 4 4 9 4 4 4 4 9 4 4 4 4 9 4 4 4 4 9 4 4 4 4 9 4 4 4 4 9 4 4 4 4 9 4 4 4 4 9 4 4 4 4 9 4 4 4 4 9 4 4 4 4 9 4 4 4 4 9 4 4 4 4 9 4 4 4 4 9 4 4 4 4 9 4 4 4
4 9 4 4 4 4 9 4 4 4 4 9 4 4 4 4 9 4 4 4 4 9 4 4 4 4 9 4 4 4 4 9 4 4 4 4 9 4 4 4 4 9 4 4 4 4 9 4 4 4 4 9 4 4 4 4 9 4 4 4 4 9 4 4 4 4 9 4 4 4 4 9 4 4 4 4 9 4 4 4 4 9 4 4 4 4 9 4 4 4 4 9 4 4 4 4 9 4 4 4 4 9 4 4 4 4 9 4 4 4 4 9 4 4 4 4 9 4 4 4 4 9 4 4 4 4 9 4 4 4 4 9 4 4 4 4 9 4 4 4 4 9 4 4 4 4 9 4 4 44 9 4 4 4 4 9 4 4 4 4 9 4 4 4 4 9 4 4 4 4 9 4 4 4 4 9 4 4 4 4 9 4 4 4 4 9 4 4 4 4 9 4 4 4 4 9 4 4 4
4 9 4 4 4 4 9 4 4 4 4 9 4 4 4 4 9 4 4 4 4 9 4 4 4 4 9 4 4 4 4 9 4 4 4 4 9 4 4 4 4 9 4 4 4 4 9 4 4 4 4 9 4 4 4 4 9 4 4 4 4 9 4 4 4 4 9 4 4 4 4 9 4 4 4 4 9 4 4 4 4 9 4 4 4 4 9 4 4 4 4 9 4 4 4 4 9 4 4 4 4 9 4 4 4 4 9 4 4 4 4 9 4 4 4 4 9 4 4 4 4 9 4 4 4 4 9 4 4 4 4 9 4 4 4 4 9 4 4 4 4 9 4 4 4 4 9 4 4 4
4 9 4 4 4 4 9 4 4 4 4 9 4 4 4 4 9 4 4 4 4 9 4 4 4 4 9 4 4 4 4 9 4 4 4 4 9 4 4 4 4 9 4 4 4 4 9 4 4 4 4 9 4 4 4 4 9 4 4 4 4 9 4 4 4 4 9 4 4 4 4 9 4 4 4 4 9 4 4 4 4 9 4 4 4 4 9 4 4 4 4 9 4 4 4 4 9 4 4 4 4 9 4 4 4 4 9 4 4 4 4 9 4 4 4 4 9 4 4 4 4 9 4 4 4 4 9 4 4 4 4 9 4 4 4 4 9 4 4 4 4 9 4 4 4 4 9 4 4 4
4 9 4 4 4 4 9 4 4 4 4 9 4 4 4 4 9 4 4 4 4 9 4 4 4 4 9 4 4 4 4 9 4 4 4 4 9 4 4 4 4 9 4 4 4 4 9 4 4 4 4 9 4 4 4 4 9 4 4 4 4 9 4 4 4 4 9 4 4 4 4 9 4 4 4 4 9 4 4 4 4 9 4 4 4 4 9 4 4 4 4 9 4 4 4 4 9 4 4 4 4 9 4 4 4 4 9 4 4 4 4 9 4 4 4 4 9 4 4 4 4 9 4 4 4 4 9 4 4 4 4 9 4 4 4 4 9 4 4 4 4 9 4 4 4 4 9 4 4 4
